0
0.249939
0.393004
0.559648
0.706432
0.720330
0.801413
0.823637
0.827698
0.903057
0.903057
0.912302
0.916498
0.948891
0.932216
0.933207
0.934338
0.939389
0.940697
0.941274
0.952065
0.943223
0.960378
0.945093
0.946364
0.949850
0.953045
0.960872
0.993185
0.962221
0.962221
0.994338
0.962751
0.978806
0.965209
0.971289
0.965836
0.988289
0.976373
0.984811
0.979407
1
0.967868
0.969517
0.969928
0.970190
0.975291
0.979172
0.974496
0.970620
0.970620
0.973586
0.974211
0.972189
1
0.975697
0.976262
0.996602
0.996754
0.999047
0.996783
0.996832
0.998993
0.997227
1
1
1
1
1
1
1
1
1
1
1
1
1
1
1
1
1
1
1
1
1
1
1
1
1
1
1
1
1
1
1
1
1
1
1
1
1
1
1
1
1
1
1
1
1
1
1
1
1
1
1
1
1
1
1
1
1
1
1
1
1
1
1
1
1
1
1
1
1
1
1
1
1
1
1
1
1
1
1
1
1
1
1
1
1
1
1
1
1
1
1
1
1
1
1
1
1
1
1
1
1
1
1
1
1
1
1
1
1
1
1
1
1
1
1
1
1
1
1
1
1
1
1
1
1
1
1
1
1
1
1
1
1
1
1
1
1
1
1
1
1
1
1
1
1
1
1
1
1
1
1
1
1
1
1
1
1
1
1
1
1
1
1
1
1
1
1
1
1
1
1
1
1
1
1
1
1
1
1
1
1
1
1
1
1
1
1
1
1
1
1
1
1
1
1
1
1
1
1
1
1
1
1
1
1
1
1
1
1
1
1
1
1
1
1
1
1
1
1
1
1
1
1
1
1
1
1
1
1
1
1
1
1
1
1
1
1
1
1
1
1
1
1
1
1
1
1
1
1
1
1
1
1
1
1
1
1
1
1
1
1
1
1
1
1
1
1
1
1
1
1
1
1
1
1
1
1
1
1
1
1
1
1
1
1
1
1
1
1
1
1
1
1
1
1
1
1
1
1
1
1
1
1
1
1
1
1
1
1
1
1
1
1
1
1
1
1
1
1
1
1
1
1
1
1
1
1
1
1
1
1
1
1
1
1
1
1
1
1
1
1
1
1
1
1
1
1
1
1
1
1
1
1
1
1
1
1
1
1
1
1
1
1
1
1
1
1
1
1
1
1
1
1
1
1
1
1
1
1
1
1
1
1
1
1
1
1
1
1
1
1
1
1
1
1
1
1
1
1
1
1
1
1
1
1
1
1
1
1
1
1
1
1
1
1
1
1
1
1
1
1
1
1
1
1
1
1
1
1
1
1
1
1
1
1
1
1
1
1
1
1
1
1
1
1
1
1
1
1
1
1
1
1
1
1
1
1
1
1
1
1
1
1
1
1
1
1
1
1
1
1
1
1
1
1
1
1
1
1
1
1
1
1
1
1
1
1
1
1
1
1
1
1
1
1
1
1
1
1
1
1
1
1
1
1
1
1
1
1
1
1
1
1
1
1
1
1
1
1
1
1
1
1
1
1
1
1
1
1
1
1
1
1
1
1
1
1
1
1
1
1
1
1
1
1
1
1
1
1
1
1
1
1
1
1
1
1
1
1
1
1
1
1
1
1
1
1
1
1
1
1
1
1
1
1
1
1
1
1
1
1
1
1
1
1
1
1
1
1
1
1
1
1
1
1
1
1
1
1
1
1
1
1
1
1
1
1
1
1
1
1
1
1
1
1
1
1
1
1
1
1
1
1
1
1
1
1
1
1
1
1
1
1
1
1
1
1
1
1
1
1
1
1
1
1
1
1
1
1
1
1
1
1
1
1
1
1
1
1
1
1
1
1
1
1
1
1
1
1
1
1
1
1
1
1
1
1
1
1
1
1
1
1
1
1
1
1
1
1
1
1
1
1
1
1
1
1
1
1
1
1
1
1
1
1
1
1
1
1
1
1
1
1
1
1
1
1
1
1
1
1
1
1
1
1
1
1
1
1
1
1
1
1
1
1
1
1
1
1
1
1
1
1
1
1
1
1
1
1
1
1
1
1
1
1
1
1
1
1
1
1
1
1
1
1
1
1
1
1
1
1
1
1
1
1
1
1
1
1
1
1
1
1
1
1
1
1
1
1
1
1
1
1
1
1
1
1
1
1
1
1
1
1
1
1
1
1
1
1
1
1
1
1
1
1
1
1
1
1
1
1
1
1
1
1
1
1
1
1
1
1
1
1
1
1
1
1
1
1
1
1
1
1
1
1
1
1
1
1
1
1
1
1
1
1
1
1
1
1
1
1
1
1
1
1
1
1
1
1
1
1
1
1
1
1
1
1
1
1
1
1
1
1
1
1
1
1
1
1
1
1
1
1
1
1
1
1
1
1
1
1
1
1
1
1
1
1
1
1
1
1
1
1
1
1
1
1
1
1
1
1
1
1
1
1
1
1
1
1
1
1
1
1
1
1
1
1
1
1
1
1
1
1
1
1
1
1
1
1
1
1
1
1
1
1
1
1
1
1
1
1
1
1
1
1
1
1
1
1
1
1
1
1
1
1
1
1
1
1
1
1
1
1
1
1
1
1
1
1
1
1
1
1
1
1
1
1
1
1
1
1
1
1
1
1
1
1
1
1
1
1
1
1
1
1
1
1
1
1
1
1
1
1
1
1
1
1
1
1
1
1
1
1
1
1
1
1
1
1
1
1
1
1
1
1
1
1
1
1
1
1
1
1
1
1
1
1
1
1
1
1
1
1
1
1
1
1
1
1
1
1
1
1
1
1
1
1
1
1
1
1
1
1
1
1
1
1
1
1
1
1
1
1
1
1
1
1
1
1
1
1
1
1
1
1
1
1
1
1
1
1
1
1
1
1
1
1
1
1
1
1
1
1
1
1
1
1
1
1
1
1
1
1
1
1
1
1
1
1
1
1
1
1
1
1
1
1
1
1
1
1
1
1
1
1
1
1
1
1
1
1
1
1
1
1
1
1
1
1
1
1
1
1
1
1
1
1
1
1
1
1
1
1
1
1
1
1
1
1
1
1
1
1
1
1
1
1
1
1
1
1
1
1
1
1
1
1
1
1
1
1
1
1
1
1
1
1
1
1
1
1
1
1
1
1
1
1
1
1
1
1
1
1
1
1
1
1
1
1
1
1
1
1
1
1
1
1
1
1
1
1
1
1
1
1
1
1
1
1
1
1
1
1
1
1
1
1
1
1
1
1
1
1
1
1
1
1
1
1
1
1
1
1
1
1
1
1
1
1
1
1
1
1
1
1
1
1
1
1
1
1
1
1
1
1
1
1
1
1
1
1
1
1
1
1
1
1
1
1
1
1
1
1
1
1
1
1
1
1
1
1
1
1
1
1
1
1
1
1
1
1
1
1
1
1
1
1
1
1
1
1
1
1
1
1
1
1
1
1
1
1
1
1
1
1
1
1
1
1
1
1
1
1
1
1
1
1
1
1
1
1
1
1
1
1
1
1
1
1
1
1
1
1
1
1
1
1
1
1
1
1
1
1
1
1
1
1
1
1
1
1
1
1
1
1
1
1
1
1
1
1
1
1
1
1
1
1
1
1
1
1
1
1
1
1
1
1
1
1
1
1
1
1
1
1
1
1
1
1
1
1
1
1
1
1
1
1
1
1
1
1
1
1
1
1
1
1
1
1
1
1
1
1
1
1
1
1
1
1
1
1
1
1
1
1
1
1
1
1
1
1
1
1
1
1
1
1
1
1
1
1
1
1
1
1
1
1
1
1
1
1
1
1
1
1
1
1
1
1
1
1
1
1
1
1
1
1
1
1
1
1
1
1
1
1
1
1
1
1
1
1
1
1
1
1
1
1
1
1
1
1
1
1
1
1
1
1
1
1
1
1
1
1
1
1
1
1
1
1
1
1
1
1
1
1
1
1
1
1
1
1
1
1
1
1
1
1
1
1
1
1
1
1
1
1
1
1
1
1
1
1
1
1
1
1
1
1
1
1
1
1
1
1
1
1
1
1
1
1
1
1
1
1
1
1
1
1
1
1
1
1
1
1
1
1
1
1
1
1
1
1
1
1
1
1
1
1
1
1
1
1
1
1
1
1
1
1
1
1
1
1
1
1
1
1
1
1
1
1
1
1
1
1
1
1
1
1
1
1
1
1
1
1
1
1
1
1
1
1
1
1
1
1
1
1
1
1
1
1
1
1
1
1
1
1
1
1
1
1
1
1
1
1
1
1
1
1
1
1
1
1
1
1
1
1
1
1
1
1
1
1
1
1
1
1
1
1
1
1
1
1
1
1
1
1
1
1
1
1
1
1
1
1
1
1
1
1
1
1
1
1
1
1
1
1
1
1
1
1
1
1
1
1
1
1
1
1
1
1
1
1
1
1
1
1
1
1
1
1
1
1
1
1
1
1
1
1
1
1
1
1
1
1
1
1
1
1
0.980404
0.960871
0.941442
0.939482
0.902740
0.883469
0.688070
-0.106831
0.833935
0.842702
0.824299
0.805758
0.801160
0.772411
0.760844
0.451595
-0.854143
0.741673
-0.200165
0.242975
0.622303
-1
-0.380493
-0.697596
-1
0.696247
0.691406
0.435351
-0.301547
0.516291
0.621097
0.651163
0.637491
0.626786
0.614349
0.330210
0.582885
0.586228
0.506805
0.470694
0.569887
0.064418
0.448587
0.518938
0.536435
0.522290
0.433587
-0.618840
0.498753
0.498753
0.487629
0.476512
-0.496441
0.265302
0.111359
0.458266
0.447505
0.436748
0.425997
0.393446
0.421387
0.300914
0.400079
0.389441
0.378810
0.064366
0.364974
0.143909
0.351762
0.238336
0.341345
0.205687
0.201177
0.056394
0.314012
-0.136077
0.293534
0.222800
0.273102
0.269381
0.262905
0.252933
0.234700
-0.314463
0.222251
-0.433511
0.211209
0.195223
0.138401
0.191202
-0.228776
0.171215
-0.057912
-0.320248
-0.203468
0.134246
-0.543872
0.147083
-0.242391
0.136770
-0.075261
-0.467197
-0.152174
0.101542
0.092037
0.029930
-0.023972
0.063557
0.070795
0.054078
0.044602
-0.160272
0.025668
0.016212
-0.412978
-0.002690
-0.188286
-0.018162
-0.027581
-0.027581
-1
-0.358415
-0.129154
-0.218854
-0.334451
-0.337318
-0.047527
-0.248930
-0.468310
-0.408016
-0.330912
-0.328763
-0.264251
-0.081722
-0.221288
-0.094879
-0.099482
-0.177829
-1
-0.208644
-0.188636
-0.124713
-0.130087
-1
-0.508824
-0.184848
-0.212529
-0.158275
-0.167099
-0.189404
-0.175917
-0.184732
-0.193545
-0.202356
-0.358396
-0.582762
-0.219418
-1
-1
-0.228190
-0.236961
-0.492764
-0.379403
-0.459496
-0.491890
-0.479467
-0.841092
-1
-0.276241
-0.123859
-0.438439
-0.289773
-0.298377
-0.306975
-0.315570
-0.323372
-0.349592
-0.335034
-0.343593
-0.326876
-0.797073
-0.760473
-0.353388
-0.361874
-0.456749
-0.375121
-0.628577
-0.793082
-1
-0.752583
-0.700704
-1
-1
-1
-0.386058
-0.394338
-1
-0.402616
-0.410895
-0.884728
-0.411860
-0.420127
-0.711100
-0.436439
-1
-1
-0.444696
-0.452953
-0.455332
-0.792777
-1
-1
-0.456044
-0.654523
-0.941185
-0.465307
-0.586483
-1
-1
-0.475287
-0.483340
-0.742655
-0.498083
-0.829133
-0.506450
-0.779681
-0.825524
-0.946591
-1
-0.530626
-0.538600
-0.546570
-0.680331
-0.562505
-0.570469
-1
-1
-0.578430
-0.586391
-0.586391
-0.594348
-1
-0.941669
-0.610259
-0.618213
-0.626165
-1
-0.634117
-0.642068
-0.642068
-0.650017
-0.657966
-0.665914
-0.673861
-1
-0.681807
-0.890436
-0.690160
-1
-0.698085
-1
-0.706008
-0.713931
-0.721853
-0.729774
-0.737694
-1
-0.745613
-0.753531
-0.753531
-1
-0.761447
-0.769363
-0.777277
-1
-0.834711
-1
-0.785826
-1
-0.793721
-0.801614
-0.809506
-0.817397
-1
-0.825287
-1
-0.833176
-0.841064
-0.848951
-0.848951
-0.856838
-0.966851
-0.898976
-1
-1
-1
-1
-0.865494
-0.872543
-0.872895
-1
-1
-0.875311
-1
-0.877984
-1
-0.882976
-0.889374
-1
-0.897205
-0.905035
-0.912864
-1
-0.920692
-0.928519
-1
-0.936346
-0.944171
-0.951995
-0.951995
-0.959818
-1
-0.967641
-0.975462
-0.983283
-0.991102
-0.998921
-1
-1
-1
-1
-1
-1
-1
-1
-1
-1
-1
-1
-1
-1
-1
-1
-1
-1
-1
-1
-1
-1
-1
-1
-1
-1
-1
-1
-1
-1
-1
-1
-1
-1
-1
-1
-1
-1
-1
-1
-1
-1
-1
-1
-1
-1
-1
-1
-1
-1
-1
-1
-1
-1
-1
-1
-1
-1
-1
-1
-1
-1
-1
-1
-1
-1
-1
-1
-1
-1
-1
-1
-1
-1
-1
-1
-1
-1
-1
-1
-1
-1
-1
-1
-1
-1
-1
-1
-1
-1
-1
-1
-1
-1
-1
-1
-1
-1
-1
-1
-1
-1
-1
-1
-1
-1
-1
-1
-1
-1
-1
-1
-1
-1
-1
-1
-1
-1
-1
-1
-1
-1
-1
-1
-1
-1
-1
-1
-1
-1
-1
-1
-1
-1
-1
-1
-1
-1
-1
-1
-1
-1
-1
-1
-1
-1
-1
-1
-1
-1
-1
-1
-1
-1
-1
-1
-1
-1
-1
-1
-1
-1
-1
-1
-1
-1
-1
-1
-1
-1
-1
-1
-1
-1
-1
-1
-1
-1
-1
-1
-1
-1
-1
-1
-1
-1
-1
-1
-1
-1
-1
-1
-1
-1
-1
-1
-1
-1
-1
-1
-1
-1
-1
-1
-1
-1
-1
-1
-1
-1
-1
-1
-1
-1
-1
-1
-1
-1
-1
-1
-1
-1
-1
-0.999178
-1
-1
-1
-1
-1
-1
-1
-1
-1
-1
-1
-1
-1
-1
-1
-1
-1
-1
-1
-1
-1
-1
-1
-1
-1
-0.995102
-1
-1
-1
-1
-1
-0.988649
-1
-1
-1
-1
-1
-1
-1
-1
-1
-1
-1
-1
-1
-1
-1
-1
-1
-1
-1
-1
-1
-1
-1
-1
-1
-1
-1
-1
-1
-1
-1
-1
-1
-1
-1
-0.996979
-1
-1
-1
-1
-1
-1
-1
-1
-1
-1
-1
-1
-1
-1
-1
-1
-1
-1
-1
-1
-1
-1
-0.998534
-1
-1
-1
-1
-1
-0.999608
-1
-1
-1
-1
-1
-1
-1
-1
-1
-1
-1
-1
-1
-1
-1
-1
-1
-1
-1
-1
-1
-1
-1
-0.996782
-1
-1
-1
-1
-1
-1
-1
-1
-1
-1
-1
-1
-1
-1
-1
-1
-1
-1
-1
-1
-1
-1
-1
-1
-1
-1
-1
-1
-1
-1
-1
-1
-1
-1
-1
-1
-1
-1
-1
-1
-1
-1
-1
-1
-1
-1
-1
-1
-0.999820
-1
-1
-1
-1
-0.999455
-1
-1
-1
-1
-1
-1
-1
-1
-1
-1
-1
-1
-1
-1
-1
-1
-1
-1
-1
-1
-1
-1
-1
-0.999511
-1
-1
-1
-1
-1
-1
-1
-1
-1
-1
-1
-1
-1
-1
-1
-1
-1
-1
-1
-1
-1
-1
-1
-1
-0.998289
-1
-1
-1
-1
-1
-1
-1
-1
-1
-1
-1
-1
-1
-1
-1
-1
-0.997932
-1
-1
-1
-1
-1
-1
-1
-1
-1
-1
-1
-1
-1
-0.997795
-1
-1
-1
-1
-1
-0.999974
-1
-1
-1
-1
-1
-1
-1
-1
-1
-1
-1
-1
-1
-1
-1
-1
-1
-1
-1
-1
-1
-0.999697
-1
-1
-1
-1
-1
-0.997764
-1
-1
-1
-1
-1
-1
-1
-1
-1
-1
-1
-1
-1
-1
-1
-1
-1
-1
-1
-1
-1
-1
-1
-1
-1
-1
-1
-1
-1
-0.999974
-1
-1
-1
-1
-1
-1
-0.999908
-1
-1
-0.999779
-1
-1
-1
-1
-1
-1
-1
-1
-1
-1
-1
-1
-1
-1
-1
-1
-1
-1
-1
-1
-1
-0.999970
-1
-1
-1
-1
-1
-1
-1
-1
-1
-1
-1
-1
-1
-1
-0.999684
-1
-1
-1
-1
-1
-1
-1
-1
-1
-1
-1
-1
-1
-1
-1
-1
-1
-1
-1
-1
-1
-1
-1
-1
-1
-0.998234
-1
-1
-1
-1
-1
-1
-1
-1
-1
-1
-1
-1
-1
-1
-1
-1
-1
-1
-1
-1
-1
-1
-1
-0.999936
-1
-1
-1
-1
-1
-1
-1
-1
-1
-1
-1
-1
-1
-1
-1
-1
-1
-1
-1
-1
-1
-1
-1
-1
-1
-1
-0.999966
-0.999702
-1
-1
-1
-1
-1
-1
-1
-1
-1
-1
-1
-1
-1
-1
-1
-1
-1
-1
-1
-0.999674
-1
-1
-0.971080
-1
-1
-1
-1
-1
-1
-1
-1
-1
-1
-1
-1
-1
-1
-1
-1
-1
-1
-1
-1
-1
-1
-1
-1
-1
-1
-1
-1
-1
-1
-1
-1
-1
-1
-1
-1
-1
-1
-1
-1
-1
-1
-1
-1
-1
-1
-1
-1
-1
-1
-1
-1
-0.999849
-1
-1
-1
-1
-1
-1
-1
-1
-1
-1
-1
-1
-1
-1
-1
-1
-1
-1
-0.997634
-1
-0.973586
-1
-0.999645
-1
-1
-1
-1
-1
-1
-1
-1
-1
-1
-1
-1
-1
-1
-1
-1
-1
-1
-1
-1
-1
-1
-1
-1
-1
-1
-1
-1
-1
-1
-1
-1
-1
-1
-1
-1
-1
-1
-1
-1
-1
-1
-1
-1
-1
-1
-1
-1
-1
-1
-1
-1
-1
-1
-1
-1
-1
-1
-1
-1
-1
-1
-1
-1
-1
-1
-1
-1
-1
-1
-1
-1
-1
-1
-1
-1
-1
-1
-1
-1
-1
-1
-1
-0.998348
-1
-1
-1
-1
-0.998351
-1
-1
-1
-1
-1
-1
-1
-1
-1
-1
-1
-1
-1
-1
-1
-1
-1
-1
-1
-1
-1
-1
-1
-1
-1
-1
-1
-1
-1
-1
-1
-1
-1
-1
-1
-1
-1
-1
-1
-1
-1
-1
-1
-1
-1
-1
-1
-1
-1
-1
-1
-1
-1
-1
-1
-1
-1
-1
-1
-1
-1
-1
-1
-1
-1
-1
-1
-1
-1
-1
-1
-1
-1
-1
-1
-1
-1
-1
-1
-1
-1
-1
-1
-1
-1
-1
-1
-1
-1
-1
-1
-1
-1
-1
-1
-1
-1
-1
-1
-1
-1
-1
-1
-1
-1
-1
-1
-1
-1
-1
-1
-0.994847
-1
-1
-1
-1
-1
-1
-1
-1
-1
-1
-1
-1
-1
-1
-1
-1
-1
-1
-1
-1
-1
-1
-1
-1
-1
-1
-1
-1
-1
-1
-1
-1
-1
-1
-1
-1
-1
-1
-1
-1
-1
-1
-1
-1
-1
-1
-1
-1
-1
-1
-1
-1
-1
-1
-1
-0.991603
-1
-1
-1
-1
-1
-1
-1
-1
-1
-1
-1
-1
-1
-1
-1
-1
-1
-1
-1
-1
-1
-1
-1
-1
-1
-1
-1
-1
-1
-1
-1
-1
-1
-1
-1
-1
-1
-1
-1
-1
-1
-1
-1
-1
-1
-1
-1
-1
-1
-1
-1
-1
-1
-1
-1
-1
-1
-1
-1
-1
-1
-1
-1
-1
-1
-1
-1
-1
-1
-1
-0.985849
-1
-1
-1
-1
-1
-1
-1
-1
-1
-1
-1
-1
-1
-0.990742
-1
-1
-1
-1
-1
-1
-1
-1
-1
-1
-1
-1
-1
-1
-1
-1
-1
-1
-1
-1
-1
-1
-1
-1
-1
-1
-1
-1
-1
-1
-1
-1
-1
-1
-1
-1
-1
-1
-1
-1
-1
-1
-1
-1
-1
-1
-1
-1
-1
-1
-1
-1
-1
-1
-1
-1
-1
-1
-1
-1
-1
-1
-1
-1
-1
-1
-1
-1
-1
-1
-1
-1
-1
-1
-1
-1
-1
-1
-1
-1
-1
-1
-1
-1
-1
-1
-1
-1
-1
-1
-1
-1
-1
-1
-1
-1
-1
-1
-1
-1
-1
-1
-1
-1
-1
-1
-1
-1
-1
-1
-1
-1
-1
-1
-1
-1
-1
-1
-1
-1
-1
-1
-1
-1
-1
-1
-1
-1
-1
-1
-1
-1
-1
-1
-1
-1
-1
-1
-0.974829
-1
-1
-1
-1
-1
-1
-1
-1
-1
-1
-1
-1
-1
-1
-1
-1
-0.979868
-1
-1
-1
-1
-1
-1
-1
-1
-1
-1
-1
-1
-1
-1
-1
-1
-1
-1
-1
-1
-1
-1
-1
-1
-1
-1
-1
-1
-1
-1
-1
-1
-1
-1
-1
-1
-1
-1
-1
-1
-1
-1
-1
-1
-1
-1
-1
-1
-1
-1
-1
-1
-1
-1
-1
-1
-1
-1
-1
-1
-1
-1
-1
-1
-1
-1
-1
-1
-1
-1
-1
-1
-1
-1
-1
-1
-1
-1
-1
-1
-1
-1
-1
-1
-1
-1
-1
-1
-1
-1
-1
-1
-1
-1
-1
-1
-1
-1
-1
-1
-1
-1
-1
-1
-1
-1
-1
-1
-1
-1
-1
-1
-1
-1
-1
-1
-1
-1
-1
-1
-1
-1
-1
-1
-1
-1
-1
-1
-1
-1
-1
-1
-1
-1
-1
-1
-1
-1
-1
-1
-1
-1
-1
-1
-1
-1
-1
-1
-1
-1
-1
-1
-1
-1
-1
-1
-1
-1
-1
-1
-1
-1
-1
-1
-1
-1
-1
-1
-1
-1
-1
-1
-1
-1
-1
-1
-1
-1
-1
-1
-1
-1
-1
-1
-1
-1
-1
-1
-1
-1
-1
-1
-1
-1
-1
-1
-1
-1
-1
-1
-1
-1
-1
-1
-1
-1
-1
-1
-1
-1
-1
-1
-1
-1
-1
-1
-1
-1
-1
-1
-1
-1
-1
-1
-1
-1
-1
-1
-1
-1
-1
-1
-1
-1
-1
-1
-1
-1
-1
-1
-1
-1
-1
-1
-1
-1
-1
-1
-1
-1
-1
-1
-1
-1
-1
-1
-1
-1
-1
-1
-1
-1
-1
-1
-1
-1
-1
-1
-1
-1
-1
-1
-1
-1
-1
-0.339094
-0.387910
-0.987930
-0.687387
-0.721460
-0.768428
-0.789238
-0.781466
-0.946134
-0.939183
-0.862477
-1
-0.850635
-0.774573
-0.844637
-1
-0.836994
-0.877176
-0.836743
-0.877946
-0.793021
-0.876038
-1
-0.924477
-0.888620
-0.796696
-0.797679
-0.789337
-0.787499
-0.932141
-0.927736
-0.654452
-0.767555
-1
-0.787597
-0.724826
-0.797178
-0.498310
-0.305903
-0.176189
-0.470768
-0.505290
-0.720557
-0.937288
-0.680883
-0.778740
-0.725258
-0.311305
-0.552767
-0.716020
-0.696616
-0.693267
-0.672686
-0.671943
-0.361204
-0.630266
-0.676504
-0.666682
-0.742140
-1
-0.653621
-0.647441
-0.552978
-0.637120
-0.532505
-0.624018
-0.513223
-0.713889
-0.608802
-0.602285
-0.861752
-0.595774
-0.589264
-0.582755
-0.482513
-0.570028
-0.679108
-0.653964
-0.509965
-0.223059
-0.822651
-0.542618
-0.175956
-1
-0.943642
-0.933595
-1
-0.623834
-0.515097
-0.176741
-0.811109
-0.494536
-0.050145
-0.647381
-0.488008
-0.598880
-0.478239
-0.709998
-0.465654
-0.175201
-0.459332
-0.454332
-0.490673
-0.531717
-0.306631
-0.415535
-0.167859
-0.422665
-0.031013
-0.563933
0.063194
-0.930342
-0.407485
-0.489866
-0.574570
-0.047459
-0.273854
-0.038376
-0.190054
0.581589
0.020404
-0.384213
-0.097219
-0.574225
-0.616006
-0.497540
-0.361946
-0.355952
-0.275436
-0.315071
1
-0.215210
-0.525069
-0.333592
-0.327610
-0.321629
0.121470
-0.361960
-0.469261
-0.247839
-0.388075
-0.433284
-0.331489
-0.331268
-0.039807
-0.369396
-0.418736
-0.174101
-0.358044
-0.269478
-0.209707
-0.338886
-0.187576
0.235332
0.753584
0.151602
0.605848
-0.490865
-0.213027
-0.135251
0.264775
-0.144425
0.210528
-0.210465
0.243843
0.053887
-0.115027
-0.361474
0.170412
0.092380
0.323288
-0.200659
-0.216694
-0.254086
-0.197099
-0.481945
0.172642
0.520818
0.207495
0.246299
0.157720
-0.199869
-0.070718
-0.224639
0.027963
0.148000
-0.052031
0.031343
0.025737
1
0.000465
0.207305
-0.163914
0.346582
-0.016799
-0.092115
0.391936
0.472736
0.233458
0.197015
0.930749
0.556200
0.728980
0.685699
0.532955
0.242848
1
0.937363
0.113282
1
1
-0.149719
0.841468
-0.018458
-0.049965
-0.124098
-0.125044
-0.116715
0.297820
-0.110393
0.888550
-0.411563
0.080594
0.480322
0.825261
-0.101740
0.290238
0.751522
-0.094353
-0.249782
-0.033530
-0.002938
-0.082319
-0.039113
-0.071858
0.788980
0.024798
-0.047895
0.132422
0.775541
-0.052347
0.076204
0.084075
0.030224
-0.095554
0.087549
-0.038838
0.199594
0.352669
0.299215
0.020299
-0.139259
0.830427
1
0.536978
-0.009900
0.002308
0.007454
0.012600
0.017745
0.017745
0.022890
0.089167
0.030398
0.152599
1
0.100274
0.163117
0.196292
1
1
0.174704
0.126595
0.055123
0.629412
0.557542
0.194262
1
0.064765
0.083399
1
1
0.287353
1
0.061743
1
0.623504
0.183664
1
0.086966
0.536858
0.112520
0.896631
0.132928
0.831806
0.801161
0.125844
0.113563
0.105554
0.110570
0.110570
0.146474
0.119668
1
0.680663
0.261984
1
0.843292
0.662240
0.507185
0.133748
0.965504
0.301996
1
1
1
1
0.273606
0.293022
0.423023
0.038721
0.152126
0.154046
0.824391
0.424040
0.549050
0.820167
1
1
0.159498
0.543789
0.542009
-0.271599
1
0.162400
0.439239
0.333484
0.436603
0.072141
0.181460
0.181374
0.219634
1
0.322660
0.353833
0.254561
0.327205
0.945953
0.151613
0.430784
1
0.205371
0.123065
0.382767
0.314776
0.358701
0.327801
0.366332
0.230397
0.073195
0.438877
0.243965
0.268212
0.306413
0.005690
0.305750
0.149205
0.153032
0.326959
0.340064
0.312298
0.280989
0.479830
0.804489
0.184064
0.497988
0.517251
0.330415
0.297097
0.334255
0.128913
0.558515
0.472116
0.538854
0.531606
0.311498
0.921911
0.359486
0.320843
0.734718
0.490269
0.323490
0.328267
0.343571
0.337821
0.339215
0.379010
0.365035
0.435385
1
0.427822
1
0.904216
0.520644
0.356568
0.331519
0.364678
0.108683
0.401378
0.542820
0.354027
0.378848
0.622574
0.563172
0.424865
0.390977
0.275358
0.400448
0.405182
0.176954
0.623333
0.410335
0.415060
0.786514
0.420882
0.601613
0.861301
0.571265
1
0.400883
0.646841
0.531334
0.761002
0.909926
1
0.557578
0.844123
0.471650
0.478573
0.985730
0.486957
0.931304
1
0.419632
1
0.968687
0.994780
0.712741
0.411390
1
-0.175657
0.466098
0.666074
1
0.447296
0.851682
0.601446
1
0.989792
1
0.285009
0.412651
0.766336
0.732940
0.535996
1
1
0.492346
0.882407
1
0.663780
0.498955
1
0.720778
1
0.628390
0.709568
0.706659
0.802744
1
1
0.530832
0.375132
0.987543
1
0.500453
0.755802
1
0.525907
0.603046
0.567277
0.880778
0.996783
0.944681
1
0.831640
0.641248
1
0.878516
0.493074
0.829728
0.538841
0.543424
0.619422
0.548706
0.553285
0.557815
0.689807
0.951697
0.690564
0.568073
0.562583
0.575387
0.623750
0.584534
0.981474
0.589113
0.678194
0.420403
0.596390
0.596504
0.599132
0.602123
0.605904
0.608523
0.613063
0.614283
0.615168
0.602278
0.563672
0.616749
0.788498
0.709025
0.621713
0.527383
1
1
0.628465
0.855740
0.771910
0.630983
0.635286
0.955115
0.639612
0.644109
1
0.648607
1
1
0.891511
0.362036
0.971514
0.659358
0.883092
0.866045
0.561410
1
0.908817
0.791967
0.895760
0.875111
1
0.563368
0.673412
0.677875
0.682339
1
0.526135
0.919676
0.516695
1
0.843674
0.784543
1
0.699865
1
0.697676
0.797900
0.711906
1
1
0.860551
0.940247
1
0.755612
0.754416
0.713779
0.718223
1
1
1
0.769707
0.785682
0.848234
0.990955
0.984660
0.727768
0.732199
0.865312
1
1
0.797580
0.738210
1
0.742638
1
0.847683
0.747304
0.751728
0.756150
0.907368
0.942503
0.840948
1
0.933762
1
1
1
1
0.857003
0.761258
1
0.765673
0.770087
0.733822
1
1
1
0.763275
0.774644
1
1
0.829109
0.466572
0.781667
0.786071
0.330795
1
1
0.535093
1
0.794879
0.814375
0.700864
1
0.682743
0.939699
0.803238
0.807631
1
0.941915
1
1
0.812200
0.824119
0.950099
0.906632
0.819783
0.818619
0.908094
0.820636
1
0.822859
0.827240
0.966659
0.831674
0.836051
0.836968
0.841343
0.845718
0.845718
0.850093
0.854468
0.858843
0.859630
0.864002
0.868375
0.868742
1
0.869247
0.946454
1
0.869373
1
1
1
0.931274
1
1
0.872984
0.874648
0.883487
0.947241
1
1
1
0.879647
0.782309
0.880934
1
1
1
0.882215
1
0.891015
1
1
0.848723
0.890832
0.895186
1
1
1
0.929699
0.896145
0.896527
0.900879
0.905230
0.909581
1
1
1
1
1
0.965094
0.914098
1
0.947327
1
1
0.918768
1
1
1
1
1
1
1
1
0.919066
1
1
1
1
1
1
1
0.919066
1
1
1
0.923412
1
0.925866
0.926272
0.840323
0.909742
1
1
1
1
1
1
1
1
1
0.943467
0.933767
0.935883
1
0.933868
0.915482
0.868885
1
1
0.942741
0.808540
0.951405
1
0.937582
0.955738
0.955979
1
1
1
1
1
0.979389
1
1
0.957692
0.962021
1
1
1
0.962432
0.966761
1
1
1
1
1
0.967120
1
1
0.967474
0.967651
0.968675
0.973001
0.973098
1
0.973098
1
1
1
1
1
0.920881
1
1
0.974730
0.979052
0.983375
0.983899
0.988220
1
1
1
1
1
1
1
1
1
1
1
1
1
0.975039
1
0.992583
0.992817
1
1
1
1
0.992856
0.997172
1
1
1
1
1
1
0.843743
1
1
1
1
1
0.993274
1
1
1
0.839186
1
1
0.985377
1
1
1
1
1
1
1
1
1
1
1
1
1
0.905044
1
0.965106
1
1
1
1
1
1
0.983584
1
1
1
1
1
1
1
1
1
1
1
1
1
1
1
0.816034
1
1
1
1
1
1
1
1
1
1
1
1
1
1
1
1
1
0.859015
1
1
1
1
1
1
1
1
1
1
1
0.841147
1
1
1
1
1
1
1
1
1
1
1
1
1
1
1
1
1
1
1
1
1
1
1
1
1
1
1
1
1
1
1
1
1
1
1
1
1
1
1
1
1
1
1
1
1
1
1
1
1
1
1
1
1
1
1
1
1
1
1
1
1
1
1
1
1
1
1
1
1
1
1
1
1
1
1
1
1
1
1
1
1
1
1
1
1
1
1
1
1
1
1
1
1
1
1
1
1
1
1
1
1
1
1
1
1
1
1
1
1
1
1
1
1
1
1
1
1
1
1
1
1
1
1
1
1
1
1
1
1
1
1
1
1
1
1
1
1
1
1
1
1
1
1
1
1
1
1
1
1
1
1
1
1
1
1
1
1
1
1
1
1
1
1
1
1
1
1
1
1
1
1
1
1
1
1
1
1
1
1
1
1
1
1
1
1
1
1
1
1
1
1
1
1
1
1
1
1
1
1
1
1
1
1
1
1
1
1
1
1
1
1
1
1
1
1
1
1
1
1
1
1
1
1
1
1
1
1
1
1
1
1
1
1
1
1
0.947037
1
1
1
1
1
1
1
1
1
1
1
1
1
1
1
1
1
1
1
1
1
1
1
1
1
1
1
1
0.666693
1
1
1
1
1
1
1
1
1
1
1
1
1
1
1
1
1
1
1
1
1
1
1
1
1
1
1
1
1
1
1
1
1
1
1
1
1
1
0.987687
1
1
1
1
1
1
1
1
1
1
1
1
1
1
1
1
1
1
1
1
1
1
1
1
1
1
1
1
1
1
1
1
1
1
1
1
1
1
1
1
1
1
1
1
1
1
0.974171
1
1
1
1
1
1
1
1
1
1
1
1
1
1
1
1
1
1
1
1
1
1
1
1
1
1
1
1
1
0.955545
1
1
1
0.992058
1
1
1
1
1
1
1
1
1
1
1
1
1
1
1
1
1
1
1
1
1
1
1
1
1
1
1
1
1
1
1
1
1
1
1
1
1
1
1
1
1
1
1
1
1
1
1
1
0.880922
1
1
1
1
1
1
1
1
1
0.989330
1
1
1
1
1
1
1
1
1
1
1
1
1
1
1
1
1
1
1
1
1
1
1
1
1
1
1
1
1
1
1
1
1
1
1
1
1
1
1
1
1
1
1
1
0.975014
1
1
1
0.919042
1
1
1
1
1
1
1
1
1
1
1
1
1
1
1
1
1
1
1
1
1
1
1
1
1
1
1
1
1
1
1
1
1
1
1
1
1
1
0.993853
1
1
1
1
1
1
1
1
1
1
1
1
1
1
1
1
1
1
1
1
1
1
1
1
1
1
1
1
1
1
1
1
1
1
1
1
1
1
1
1
1
1
1
1
1
1
0.945434
1
1
1
1
1
1
1
1
1
1
1
1
0.949865
1
1
1
1
1
1
1
1
1
1
1
1
1
1
1
1
1
1
1
1
1
1
1
1
1
1
1
1
1
1
1
1
1
1
1
1
1
1
1
1
1
1
1
1
1
1
1
1
1
1
1
1
1
1
1
1
1
1
1
1
1
1
1
1
1
1
1
1
1
1
1
1
1
1
1
1
1
1
1
1
1
1
1
1
1
1
1
1
1
1
1
1
1
1
1
1
1
1
0.983146
1
1
1
1
1
1
1
1
1
1
1
1
1
1
1
0.953652
1
1
1
1
1
1
1
1
1
1
0.899777
1
1
1
1
1
1
1
1
1
1
1
1
1
1
1
1
1
1
1
1
0.969526
1
1
1
1
1
1
1
1
1
1
1
0.953297
1
1
1
1
1
1
1
1
1
1
1
1
1
1
1
1
1
1
1
1
1
1
1
1
1
1
1
0.982858
1
1
1
1
0.912857
1
1
1
1
1
1
1
1
1
1
1
1
1
1
1
1
1
1
1
1
1
1
1
1
1
1
0.988008
1
1
1
1
1
1
1
1
1
1
1
1
1
1
1
0.971327
1
1
1
1
1
1
1
1
1
1
1
1
1
1
1
1
1
1
1
1
0.929318
1
1
1
1
1
1
1
1
1
1
1
1
1
1
1
1
1
1
1
1
1
1
1
1
1
1
1
1
1
1
1
1
1
1
1
1
1
1
1
1
1
0.980052
1
1
1
1
1
1
1
1
1
1
1
1
1
1
1
1
1
1
1
1
1
1
1
1
1
1
1
1
1
1
1
1
1
1
1
1
1
1
1
1
1
1
1
0.576481
0.569734
0.207791
0.857241
0.460587
0.847306
0.866724
-0.545399
-0.567931
0.985214
-0.410121
0.528670
0.827027
0.525949
-0.438846
0.970182
0.836510
0.176959
0.834920
1
-0.331106
-0.558146
-0.455704
0.044435
0.137870
-0.941252
-0.006548
0.251232
-0.189255
1
-0.564022
-0.309640
0.942786
-0.067784
-0.632312
0.882806
-0.353431
0.377907
0.924651
0.475018
-0.584762
0.773138
0.189366
0.440629
-0.436177
0.058181
0.905354
0.636947
1
0.868239
0.896716
0.780992
0.776494
-0.019332
-0.202748
-0.565028
0.771067
0.766612
0.762160
0.869899
-0.234790
0.533123
-0.147723
0.748163
0.743734
0.852763
-0.394169
0.041412
-0.295439
0.843099
-0.391776
0.786462
-0.272533
-0.312566
0.068057
0.738783
0.154154
0.688954
0.169565
0.857760
0.490185
0.463710
-0.123225
0.475643
-0.218642
0.793649
0.320537
0.441019
0.563293
0.801982
0.780671
0.463587
0.480382
-0.200853
0.554727
0.566448
-0.247860
0.498638
0.228359
0.554598
0.755663
-0.354487
-0.243519
0.189825
0.623995
0.619739
0.370351
0.119941
0.607127
0.790764
0.602877
0.598630
-0.211796
0.590247
0.604500
-0.191272
0.577571
-0.215398
0.569924
0.685894
-0.144598
1
0.666006
-0.127184
-0.143335
0.149663
-0.272230
0.552221
-0.354392
0.437211
0.164219
-0.318235
-0.251023
0.073374
-0.062487
-0.208737
-0.284952
0.286026
-0.118359
-0.564760
0.220230
0.781354
-0.206666
0.211520
1
-0.112155
0.077877
-0.000416
0.492308
0.609128
0.224835
0.484116
0.480003
0.597636
0.148713
-0.202961
-0.426396
0.583945
0.607538
0.071813
0.579808
0.373088
0.187504
0.243964
-0.285442
1
-0.041459
-0.085860
-0.036469
0.552263
0.515965
-0.252871
0.544706
0.169811
0.413184
-0.143253
-0.143931
0.272545
0.398822
0.519669
0.433851
-0.183629
0.195390
0.512338
0.508571
0.067666
0.501037
0.228295
0.098135
-1
1
-0.173058
0.113517
-1
-0.573790
0.487356
0.483617
0.428629
0.479130
0.475397
-0.163904
0.471666
0.467935
0.291766
0.334976
-0.155185
-1
0.456223
-0.096994
0.449890
-0.089661
-0.341687
-1
0.447549
0.059361
1
0.440818
-0.112341
-0.128413
-0.012130
0.433953
0.430270
-0.221803
0.046784
-0.012474
0.417982
0.230781
0.206285
-0.476673
-0.178401
0.190626
0.276142
0.272247
0.106453
0.011214
0.260599
-1
-0.478681
0.380107
0.376433
0.376433
0.372759
-0.132852
0.143749
0.364972
0.361306
0.357639
0.108751
0.350306
0.346640
0.346640
0.342974
0.339308
0.335642
0.331976
-1
0.328310
0.412145
0.320981
0.340145
0.317317
0.048326
0.309991
0.306327
0.302664
0.299001
0.295338
0.051622
0.288012
0.284350
0.284350
-0.064697
0.278208
0.274547
0.270887
0.793446
0.733574
-1
0.262251
-1
0.258598
0.254944
0.251291
0.247637
-0.192217
0.240331
-0.355995
0.233026
0.229373
0.225721
0.225721
0.222069
0.405575
0.190607
0.083395
0.267574
-0.302222
-0.393380
0.074547
0.291918
0.065964
-0.090898
-0.440524
0.071694
0.448430
0.222603
0.282841
0.067617
0.174043
-1
0.170409
0.166774
0.163139
-0.186023
0.158338
0.154706
-0.391399
0.147442
0.143810
0.140179
0.140179
0.136547
-1
0.132916
0.129285
0.125653
0.122023
0.118391
-0.220714
0.045271
0.111129
0.107499
0.103869
0.100238
0.096608
0.092978
0.115792
0.113790
0.445651
-0.114486
-0.864655
0.064474
0.342031
0.080700
0.433480
-0.691677
0.338156
-0.233356
0.068167
-0.510177
-0.510177
0.037045
0.058408
-1
-0.728224
0.051201
0.047599
0.043995
0.040393
0.036790
0.036790
0.033187
0.029585
-0.580183
0.022380
-0.016748
-0.317966
-0.445591
0.011901
0.091616
0.008303
0.004706
-0.136944
-0.001335
0.542059
-0.004253
0.334410
-0.334498
-1
-1
-0.013209
-0.016792
-0.020376
-0.023960
-0.027543
-0.031126
-0.034709
-0.038292
-0.614111
-0.043011
-0.601829
-0.043931
-0.073087
-0.084400
-0.397310
-0.052321
-0.864442
-0.358950
-0.178940
-0.538949
-0.091735
-0.346736
-0.464103
0.080652
-1
-0.265816
0.133908
-1
-0.521768
-1
-0.381107
-0.973843
-0.514670
-0.733366
-0.579483
-0.755658
-0.713761
-0.077746
-0.081275
-0.084803
-0.150013
-0.085708
-0.321102
-0.434144
-0.090998
-0.094518
-0.182181
-0.060871
-0.115601
-0.299763
-0.253657
-0.073728
-0.202619
-0.124363
-0.107776
-0.111280
-0.750062
-0.204622
-0.690319
-0.118071
0.038722
-0.314128
-0.172794
-0.076989
-1
-0.018015
-0.457021
-0.125625
-0.614068
-1
-0.612752
-0.492133
-1
-1
-0.629829
-0.991008
-0.101717
0.001273
-0.134751
-0.523895
-0.132603
-0.136328
-0.140253
-1
-0.143702
-0.180858
0.004245
-0.727166
-0.447471
-1
-1
-0.154405
-0.157838
1
-0.161507
-0.134026
-0.227317
-0.794495
-0.170370
-0.173773
0.087530
-0.174425
-1
-0.254901
-1
-0.214187
-1
-0.298200
-0.187228
-0.114093
-0.190626
0.557980
-1
-0.223808
-0.107308
-0.358530
-0.207612
-0.211008
-0.425254
-0.216944
-1
-0.216944
-0.905960
-0.813059
-0.224263
-1
-0.929446
-0.773052
-0.916629
-1
-0.584063
-1
-0.958087
-0.134129
-0.714020
-0.097826
-0.436268
-1
-1
-0.205118
-1
-0.416387
0.172963
-0.294985
-0.224385
0.466564
0.039410
-0.896260
-0.589526
-0.562981
-0.320945
-0.372749
-0.475087
-1
-0.248607
-0.769812
-0.211030
-0.611274
-0.179234
-0.086975
-1
-0.303029
-0.408206
-0.920035
-1
-0.026974
-1
-0.520956
-1
-0.612246
-0.262620
0.012508
-0.228244
-0.389371
-0.687675
-0.270589
-0.273883
0.365123
-0.692320
-0.278430
-0.278430
-0.256893
-0.751762
-0.284291
-0.587678
-1
-1
-0.162701
-1
-1
-0.455417
-0.290244
-0.370697
-0.428257
-1
-1
-1
-0.012757
-0.527940
-0.390293
-0.077758
-0.698963
-1
-0.022388
-0.305057
-0.161154
-1
-0.310497
-1
-1
-0.313753
-0.317009
-0.320265
-0.312583
-0.326778
-0.330033
-0.416651
-1
-0.677418
-0.807144
-0.577126
-0.335166
-1
-0.338416
-0.873898
-0.341878
-1
-0.487185
-0.292675
-0.347469
-0.297228
-0.579437
-0.356231
-0.298254
-0.508586
-0.407339
-0.476651
-0.305486
-0.440166
-0.153877
-0.354609
-0.371673
-0.306448
-0.378153
-0.381393
-0.384633
-0.513471
-0.391112
-0.402546
-0.390220
-0.372068
-0.282189
-0.855912
-0.379935
-0.405110
-0.407649
-0.515359
-0.384404
-0.388895
-0.416510
-0.387993
-0.417849
-0.321828
-0.449459
-0.452783
-0.187811
-0.499517
-0.431990
-0.409853
-0.435844
-0.435844
-0.439070
-0.442296
-0.444664
-0.372691
-0.742928
-0.413921
-0.518510
-0.366537
-0.457823
-0.458565
-0.461044
-0.464265
-0.467486
-0.550150
-0.471345
-0.622476
-0.501704
-0.583155
-0.477198
-0.333732
-0.477537
-0.231005
-0.481296
-0.484504
-0.494596
-0.488471
-0.491677
-0.774935
-0.614421
-0.505682
-0.550460
-0.687547
-0.712788
-0.501533
-0.691954
-0.506239
-0.509437
-0.512635
-0.515833
-0.515833
-0.474728
-0.518830
-0.522027
-0.523366
-0.524433
-0.545575
-0.490112
-0.534000
-0.537194
-0.537194
-0.727714
-0.630871
-0.542942
-0.833444
-0.528771
-0.606849
-0.575080
-0.555429
-0.729071
-0.558620
-0.765554
-0.562266
-0.564092
-0.567282
-0.570471
-0.573659
-0.576847
-0.384917
-0.390730
-0.580750
-0.576586
-0.710655
-0.587570
-0.590754
-0.593938
-0.698319
-0.689824
-0.597908
-0.599579
-0.564329
-0.600596
-0.606426
-0.741174
-0.442542
-0.622755
-0.773243
-0.608145
-0.611315
-0.614485
-0.614485
-0.617654
-0.620824
-0.758105
-0.687774
-0.904999
-0.624894
-0.680144
-0.631146
-0.993249
-0.589800
-0.634688
-0.658539
-0.639929
-0.643090
-0.668144
-0.733655
-0.650005
-1
-0.653164
-0.653164
-0.855672
-0.656562
-0.659720
-1
-0.968482
-1
-0.878602
-0.665693
-0.668431
-1
-0.668431
-0.671586
-0.674741
-0.677896
-0.604043
-0.684205
-0.653056
-0.710043
-0.689561
-0.671982
-0.689814
-0.728828
-0.936823
-0.693657
-0.694285
-0.688684
-0.826072
-0.701575
-0.928754
-0.896950
-0.704855
-0.795359
-0.708297
-0.710671
-0.713815
-0.716959
-0.719260
-0.715307
-0.721626
-1
-0.721626
-0.753050
-0.725827
-0.728969
-0.732262
-0.639009
-0.822804
-0.734678
-0.734988
-0.883561
-0.735089
-0.911604
-0.986629
-0.785068
-0.818966
-1
-0.743414
-1
-0.746545
-1
-0.746545
-0.746788
-0.749225
-0.752355
-0.754356
-0.756340
-0.759469
-0.725789
-0.739424
-0.821726
-0.828945
-0.763143
-0.770859
-0.908714
-1
-0.768794
-0.754096
-0.853020
-0.772226
-0.760650
-0.743587
-0.798813
-0.737486
-0.663713
-0.824759
-1
-0.808724
-0.856115
-1
-0.779438
-0.781569
-0.784686
-1
-0.787803
-1
-1
-1
-0.789505
-0.792621
-0.792621
-1
-1
-1
-1
-0.937783
-1
-0.798244
-1
-0.801360
-0.788178
-0.647073
-0.802654
-0.805768
-1
-1
-1
-0.929476
-0.807425
-0.790764
-1
-1
-1
-1
-0.804594
-0.810771
-1
-1
-0.948034
-1
-0.812544
-1
-1
-1
-1
-1
-1
-0.815653
-0.818762
-1
-1
-1
-1
-0.821870
-0.903848
-0.851914
-1
-1
-0.826836
-1
-1
-0.964878
-1
-0.830318
-0.798449
-0.833991
-0.880397
-1
-0.973543
-0.838528
-1
-1
-0.899031
-1
-1
-1
-0.838991
-0.847426
-0.795792
-0.891227
-0.841556
-0.911096
-0.871211
-0.845160
-0.883019
-0.848440
-0.988241
-0.900738
-0.850929
-0.854028
-1
-1
-1
-0.796046
-1
-1
-1
-0.854231
-0.857328
-0.858459
-1
-1
-1
-1
-0.914836
-0.858605
-0.808412
-1
-0.960052
-0.895840
-1
-0.862381
-0.865474
-1
-1
-1
-1
-1
-1
-1
-0.868567
-0.868916
-0.747340
-0.875069
-0.875565
-0.878469
-0.881304
-1
-0.884072
-0.998361
-0.886775
-1
-1
-0.889415
-0.889875
-0.892440
-0.894946
-0.897392
-0.897798
-0.900176
-0.900176
-1
-0.900962
-0.903266
-0.945377
-0.850203
-0.907569
-0.909716
-0.926643
-0.878972
-0.912155
-0.912502
-1
-0.914532
-0.915204
-0.917171
-0.936125
-1
-0.919646
-0.921508
-0.921508
-0.923327
-0.925103
-0.926837
-0.975100
-0.893268
-0.931691
-0.933271
-1
-0.902328
-0.927116
-0.935018
-0.881099
-0.935622
-0.936125
-0.937600
-0.939041
-0.939517
-1
-0.940913
-0.940913
-0.942276
-0.943607
-0.944907
-0.945337
-0.946596
-0.947827
-0.956231
-0.922294
-0.967186
-0.960762
-0.952198
-0.952570
-1
-1
-0.953661
-0.976170
-1
-1
-0.828751
-1
-1
-0.952117
-0.954960
-0.832025
-0.837690
-0.942777
-1
-1
-1
-0.962042
-1
-0.965207
-1
-1
-1
-0.962670
-1
-1
-1
-1
-0.673264
-0.966560
-0.967327
-0.970398
-0.971076
-1
-0.974147
-1
-1
-1
-0.694472
-0.870724
-0.975459
-0.975649
-0.969408
-1
-0.917927
-1
-0.951181
-0.855306
-0.982855
-1
-1
-0.964307
-0.985951
-0.989015
-0.989266
-1
-1
-0.989511
-0.992575
-0.995639
-0.975713
-1
-0.998814
-0.910562
-1
-0.954393
-1
-1
-1
-1
-1
-1
-1
-1
-0.958194
-1
-0.980090
-1
-1
-1
-1
-1
-1
-1
-1
-1
-1
-1
-1
-0.997186
-1
-0.806540
-1
-1
-1
-0.877583
-1
-1
-1
-0.955728
-1
-1
-1
-1
-0.961612
-1
-1
-1
-1
-1
-1
-1
-0.959319
-1
-1
-1
-1
-1
-1
-1
-1
-1
-1
-1
-1
-1
-1
-1
-1
-1
-1
-1
-0.999667
-1
-1
-0.944762
-1
-1
-1
-1
-0.939036
-1
-1
-1
-1
-1
-0.976074
-1
-1
-1
-1
-1
-1
-1
-1
-1
-1
-0.956470
-0.979933
-1
-1
-1
-1
-1
-1
-1
-1
-1
-1
-1
-1
-1
-1
-0.836011
-0.978666
-1
-1
-1
-1
-1
-1
-0.969395
-1
-1
-1
-0.994635
-1
-1
-0.976069
-1
-0.817842
-1
-1
-1
-1
-1
-1
-0.933367
-1
-1
-1
-1
-1
-1
-1
-1
-0.972627
-1
-1
-1
-1
-1
-0.989289
-1
-1
-1
-1
-1
-1
-1
-1
-1
-1
-1
-1
-1
-1
-1
-1
-1
-1
-1
-1
-0.994452
-1
-0.997447
-1
-1
-1
-1
-1
-1
-1
-1
-1
-1
-1
-1
-1
-1
-1
-0.968109
-0.943204
-1
-1
-1
-1
-1
-1
-1
-1
-1
-1
-1
-1
-1
-1
-1
-1
-1
-1
-1
-0.982739
-1
-1
-1
-1
-1
-1
-1
-1
-1
-1
-1
-0.914230
-1
-1
-1
-1
-1
-1
-1
-1
-1
-0.925505
-1
-1
-1
-1
-1
-1
-1
-0.880607
-1
-0.978924
-1
-1
-1
-1
-1
-1
-1
-1
-1
-1
-1
-1
-1
-1
-1
-1
-1
-1
-1
-1
-1
-1
-1
-1
-1
-1
-1
-1
-1
-1
-1
-1
-1
-1
-1
-1
-1
-1
-1
-1
-1
-1
-1
-1
-1
-1
-1
-1
-1
-1
-0.987246
-1
-1
-1
-1
-0.971257
-1
-1
-1
-1
-1
-1
-1
-1
-0.993660
-1
-1
-1
-1
-1
-1
-1
-1
-1
-0.936574
-1
-1
-1
-1
-1
-1
-1
-1
-1
-1
-1
-1
-1
-0.933987
-1
-0.990032
-1
-0.983506
-1
-1
-1
-1
-1
-1
-1
-1
-1
-1
-1
-1
-1
-1
-1
-1
-1
-1
-1
-1
-1
-1
-1
-1
-1
-1
-1
-1
-1
-1
-0.955966
-1
-1
-1
-1
-1
-1
-1
-1
-1
-0.946173
-1
-1
-1
-1
-1
-0.985466
-1
-1
-1
-1
-1
-1
-1
-1
-0.856472
-1
-1
-1
-1
-1
-0.923545
-1
-1
-1
-1
-1
-1
-1
-1
-1
-1
-1
-1
-1
-0.978688
-1
-1
-1
-1
-1
-1
-1
-1
-1
-1
-1
-1
-1
-1
-1
-1
-1
-1
-1
-1
-1
-1
-1
-0.971479
-1
-1
-1
-1
-1
-1
-1
-1
-1
-1
-1
-1
-1
-1
-1
-1
-1
-1
-1
-1
-1
-1
-1
-1
-1
-1
-1
-1
-1
-1
-1
-0.971139
-1
-1
-0.953478
-1
-1
-1
-1
-1
-1
-1
-0.996829
-1
-1
-1
-0.986638
-1
-1
-1
-1
-0.981537
-0.898557
-1
-1
-1
-1
-1
-1
-1
-1
-1
-1
-0.999782
-1
-1
-1
-1
-1
-1
-1
-1
-1
-1
-1
-1
-0.985813
-1
-1
-1
-1
-1
-1
-1
-1
-1
-1
-1
-0.982666
-1
-1
-1
-1
-1
-1
-1
-1
-1
-0.979855
-0.982666
-1
-1
-0.921457
-1
-1
-1
-1
-1
-1
-1
-1
-1
-1
-1
-1
-1
-0.900104
-1
-1
-1
-1
-1
-0.966670
-0.948995
-1
-1
-1
-1
-1
-1
-1
-1
-1
-1
-1
-1
-1
-1
-1
-1
-1
-1
-1
-1
-1
-1
-1
-1
-1
-1
-1
-0.896731
-1
-0.945909
-1
-1
-1
-1
-1
-1
-1
-1
-1
-1
-1
-1
-1
-1
-1
-1
-1
-1
-1
-1
-1
-1
-1
-1
-1
-1
-1
-1
-1
-1
-1
-1
-0.893434
-0.931716
-1
-1
-1
-1
-1
-1
-1
-1
-1
-1
-1
-1
-1
-1
-1
-1
-1
-1
-1
-1
-1
-1
-0.787495
-1
-1
-1
-1
-1
-1
-1
-1
-1
-1
-1
-0.941663
-1
-1
-1
-1
-1
-1
-1
-1
-1
-1
-1
-1
-0.900446
-1
-1
-1
-0.996393
-1
-1
-1
-1
-1
-1
-1
-1
-1
-1
-1
-1
-1
-1
-1
-1
-1
-1
-1
-1
-1
-1
-1
-1
-1
-1
-1
-1
-1
-1
-1
-1
-1
-1
-0.964717
-1
-1
-1
-1
-1
-1
-1
-1
-1
-1
-1
-1
-1
-1
-1
-1
-1
-1
-1
-1
-1
-1
-0.902013
-1
-0.870495
-1
-1
-1
-1
-1
-1
-1
-1
-1
-1
-1
-1
-1
-1
-1
-1
-1
-1
-1
-1
-1
-1
-1
-1
-1
-1
-1
-0.125051
-0.143925
-1
-0.636685
0.070516
-0.725493
-0.588414
0.766341
-1
-1
-0.708646
-1
0.728542
-0.718797
0.750909
0.037871
-0.652859
0.477164
0.841568
-0.988898
-0.346107
-0.245324
0.399432
-0.324795
-0.795639
-0.418223
-0.839148
-0.333404
0.174833
-1
0.229728
1
-0.643650
-0.110881
0.886084
0.940590
0.102968
1
-0.012367
-0.190120
-0.097255
1
-0.682230
-0.402350
0.812657
0.853770
0.656605
0.886384
1
-0.938423
-0.205896
-0.477262
-0.369207
-0.811939
0.224055
-0.327727
-0.920519
-0.594876
0.387511
-1
-0.067584
-0.820175
-0.016629
-0.903829
-0.712604
-0.861781
-0.455148
0.647235
0.214028
-0.761261
0.416092
-0.753928
-0.883868
-0.082022
0.769399
-0.412335
0.198114
0.606218
0.519517
-0.101445
1
0.020628
1
0.831576
0.674008
-0.637956
0.919979
0.618783
-0.860910
-0.011449
0.631043
0.616249
0.138907
0.559632
-0.748098
0.424843
-0.441728
0.527943
-0.844233
-0.203059
0.727766
-0.646050
0.695133
0.585115
-0.571447
0.014393
0.743445
0.832016
0.334373
-1
1
-0.134673
-0.824861
0.734491
0.431101
1
0.594258
0.283536
0.629892
0.675041
0.850929
-0.473883
0.554942
-0.618670
-0.716381
0.346086
-0.677335
-0.674280
-0.541157
-0.397462
0.404593
0.459172
-0.765433
-0.663520
-0.395449
-0.657442
0.762361
0.052616
0.625217
-0.768435
0.557250
0.420940
0.601906
0.614023
0.586092
-0.569577
0.318333
0.453884
0.992563
-0.776758
0.489048
0.268271
0.450125
0.537422
1
0.506832
1
0.166909
-0.606143
-0.534397
0.569839
0.110621
0.753047
0.187154
0.416998
0.486644
0.430081
-0.912741
0.453842
-0.452108
0.107461
0.372691
0.534708
0.539759
0.432245
0.093505
0.322731
0.056092
0.572185
-0.280745
0.113853
-0.741645
0.546807
0.266777
-0.339185
0.223656
0.541400
0.606563
0.487932
0.185901
0.353170
0.358666
0.483704
0.251783
-0.353613
0.391031
0.814272
0.400058
0.902766
-0.118119
0.573004
0.464535
0.930874
0.398586
0.662088
0.521114
-0.103430
0.939907
0.652644
0.848083
0.892543
0.240237
0.981877
-0.028944
0.273930
-0.304974
0.436204
-0.489309
0.058185
-0.696552
0.232703
-0.483472
0.241565
0.194340
0.265112
-0.689511
0.315538
0.381040
-0.684724
-0.902537
-0.278347
0.346767
0.070135
0.039102
-0.549127
0.254806
-0.475365
0.415030
0.402669
0.479144
-0.538337
0.458488
0.425030
0.169841
0.381835
-0.367353
0.034913
0.002869
0.275376
-0.262716
-0.258753
-0.210962
0.703345
1
0.427809
0.202673
0.176816
-0.628862
-0.253709
-0.623233
-0.623233
-0.482560
0.242487
-0.242973
0.207669
0.750354
0.381154
-0.114938
0.476851
0.467458
0.775787
0.426687
-0.393311
-0.601823
0.126191
-0.121970
0.413939
0.665615
0.144451
-0.768214
0.805134
0.987094
0.390422
0.754630
0.261106
0.365047
0.548121
-0.085531
0.844173
-0.581040
0.304330
-0.442597
0.572411
0.278915
0.199850
0.328339
-0.447952
-0.249014
-0.184555
-0.565847
-0.565847
0.465092
-0.188752
1
0.504163
0.279979
0.728038
0.467431
0.338569
-0.310644
0.177809
0.451732
0.284086
0.838260
0.733477
0.759446
1
0.242386
0.321221
-0.290595
0.240093
0.305704
0.309399
0.182045
0.290772
0.330240
0.492538
0.388469
0.521907
-0.527008
0.368726
0.465830
-0.023773
1
-0.153158
-0.059548
0.306774
0.310688
-0.096567
-0.512531
0.200665
0.109710
1
0.328485
-0.010269
0.355652
0.395504
0.225270
-0.013531
-0.292589
1
-0.495762
-0.062293
0.413804
0.509504
-0.068137
0.490915
0.419402
-0.341004
-1
0.282573
-0.439822
-0.263461
-0.240942
-0.342018
0.189080
0.043183
-0.309594
0.231507
-0.445548
0.169378
0.263397
-0.105743
0.394867
-0.002039
0.322876
0.182965
0.149361
-0.437981
-0.362043
-0.075341
0.004578
0.467949
0.252753
0.424413
-0.069619
0.423658
0.146808
0.134148
-0.370500
-0.023171
-0.276796
-0.413542
-0.304959
-0.408106
0.104744
0.223619
0.194942
0.215386
1
0.031442
1
0.535516
0.296951
-0.233209
0.151255
-0.385204
0.417237
0.299997
-0.170732
0.179893
0.243423
0.165123
0.549125
0.125226
-0.365223
-0.015761
-0.234111
-0.163611
-0.689899
0.021036
-0.353491
-0.350783
0.419982
0.032121
0.141462
0.648165
0.349425
0.979841
-0.441337
0.317129
0.369430
0.397300
0.551771
1
0.356778
0.545702
-0.035671
0.138195
0.267035
0.063222
-0.016944
0.713393
0.189853
0.612858
0.249908
0.394872
0.384723
-0.281375
0.333203
-0.439539
-0.297845
0.132334
0.956153
0.289418
0.353191
0.249796
0.658040
0.630076
1
0.066918
0.110631
0.419121
0.499969
-0.129376
0.782447
1
-0.002743
0.547395
0.888181
0.306099
-0.270140
1
0.224518
0.112602
0.306321
0.348951
0.217887
0.450076
1
0.166626
0.182745
0.079897
0.376848
0.720530
-0.203033
0.366380
1
0.136803
-0.004371
0.218874
-0.128001
0.662372
0.179110
0.624956
0.070953
0.066283
0.634448
0.466119
-0.405858
0.112764
-0.224443
-0.221777
0.110096
-0.217753
-0.215087
-0.046144
0.220168
0.371117
-0.154613
0.054059
0.148803
-0.199094
0.067071
-0.193764
-0.533914
-0.063693
0.175869
-0.046253
-0.134116
-0.056057
0.195286
0.150672
0.201846
-0.045218
0.215567
0.216925
0.217731
0.169609
-0.340881
-0.163665
0.115605
0.149164
-0.032682
-0.042812
0.670030
0.345467
0.216373
0.202819
0.158149
0.216084
0.214476
0.214137
-0.014903
-0.012192
0.346059
0.210633
1
0.531570
0.289400
-0.171113
0.164208
0.075314
-0.041327
-0.033575
-0.079941
0.609484
0.103331
0.222088
-0.137516
0.216812
-1
0.015744
-0.108380
-0.105750
-0.103120
0.519815
-0.119489
0.328540
-0.406187
0.510176
0.382258
0.167730
0.577779
0.257115
0.200521
-0.082192
-0.001570
0.080268
0.174336
1
0.250760
-0.031774
0.396779
0.224483
0.155072
-0.064848
0.065774
0.694849
0.351459
0.387133
0.283591
0.269596
0.193746
0.209732
0.380061
0.079914
0.219192
0.250073
0.596392
0.656405
0.216180
-0.036842
0.214764
-0.033254
0.398072
0.124957
0.099743
0.102424
-0.023431
0.339006
0.241315
0.124076
0.519255
0.215935
-0.136694
0.690400
0.288093
0.431365
0.203631
-0.011191
0.392281
-0.007814
-0.005205
0.215343
0.450226
0.605438
0.778918
0.098449
-0.007030
0.499343
1
0.040464
-0.225778
0.007590
0.139116
-0.587111
0.470625
0.454807
-0.767514
0.639985
0.218930
0.161814
-0.073262
1
-0.077227
0.142905
0.026520
0.029109
0.213623
0.125058
0.958825
0.685507
0.034587
0.232516
0.312044
0.148444
0.143742
0.229410
0.094123
0.191413
0.136332
0.182752
0.180882
0.122777
0.059647
0.225261
0.064810
0.067392
0.069974
0.069974
0.072555
0.205116
0.217989
0.210380
0.082879
0.092279
0.212624
0.196011
0.091075
0.245829
0.573642
0.093269
0.774899
0.262230
0.987266
0.175785
0.445464
0.313622
-0.168844
0.210602
0.238465
0.268480
0.367808
0.437676
0.739143
0.175168
0.285580
0.161369
0.403496
0.111070
1
0.231292
0.282281
0.131932
0.632607
0.345062
0.182872
0.127910
0.211889
0.462867
0.503946
1
0.236952
0.238327
0.137230
0.139793
0.142355
0.144918
0.388077
-0.024536
0.242952
0.865970
0.426947
0.237687
0.155939
0.334138
0.267860
0.784817
0.360269
0.242772
0.357960
1
0.736466
0.796467
0.977653
0.405870
0.843148
0.327025
0.168565
0.781323
1
1
0.664072
0.263780
0.430645
0.243829
0.173519
0.399052
0.391232
0.313819
0.253591
0.396839
0.283709
0.330419
0.368766
0.254302
0.337581
0.456511
0.763896
1
0.556397
0.746442
0.627261
0.367258
0.479674
0.338551
0.264685
0.265170
0.270917
0.294688
0.255458
0.119169
0.728850
0.558851
0.214705
-0.012043
0.219766
0.415191
0.162326
0.289145
0.300718
1
1
0.325029
0.104219
0.475323
0.501229
0.741535
0.525917
0.239034
0.279129
0.524384
0.525036
0.467148
0.247989
0.283395
1
0.431645
0.571607
1
0.492876
0.288281
0.720684
1
0.290855
0.292354
0.263552
0.292976
0.268247
0.435463
0.295983
1
0.567613
0.535055
0.306601
0.373797
0.219604
0.395913
0.403304
0.281071
0.283590
0.302210
0.288629
0.291147
1
0.368946
0.367926
0.827368
1
0.403970
1
0.441260
1
0.983077
0.929111
0.586900
0.589425
0.282607
0.451099
0.310488
0.262550
0.445653
0.416536
0.854296
0.424021
0.311995
0.314507
0.317019
0.319531
0.319531
0.322043
0.602991
0.203908
0.191587
0.487115
0.932880
0.838116
0.541562
0.936337
0.373472
0.337292
0.398678
0.427162
0.404242
0.707130
0.932891
0.346691
1
0.802669
0.494296
1
0.799682
0.635280
0.300949
0.756385
1
1
0.863510
1
0.348291
0.289519
0.763588
0.368848
0.580079
0.785394
0.507135
0.883260
0.702973
0.466904
0.314370
0.667699
0.364111
0.384711
0.510266
0.225430
1
0.964071
1
0.565669
0.973784
0.742256
0.490445
0.683590
0.373839
0.617732
0.328099
1
0.379302
0.419543
0.601020
1
1
0.899398
0.383408
1
0.385900
1
0.388393
1
0.517432
0.392067
0.736963
0.395008
0.367922
0.850504
1
0.686992
0.402754
0.546599
0.405245
0.842873
0.580374
0.410728
0.776067
0.739323
0.294481
0.416332
0.418820
0.421309
0.438772
0.784856
0.423988
1
0.670365
0.946070
0.766748
0.933366
0.600846
0.611956
0.799540
0.433681
0.672880
0.437810
0.569716
0.911823
1
0.923797
1
0.568820
0.825540
0.801823
0.679216
0.613209
0.433986
0.881630
0.893326
1
0.756613
0.473227
0.449923
0.452404
0.575533
0.528481
0.451426
0.494013
0.806654
0.589036
0.667269
0.460055
0.901557
0.636474
0.435376
0.660995
0.467601
0.470077
0.472554
0.564425
0.707076
0.569314
0.522776
0.477444
0.479918
0.482393
0.673902
0.429793
0.535943
0.490066
0.500873
0.248268
0.913682
0.494242
0.496715
0.879722
0.436629
0.515011
0.474076
0.504871
0.506437
0.508908
0.508908
0.511379
0.513850
0.516321
0.648677
0.521263
0.643497
0.526205
0.088582
0.583530
0.529561
0.532030
0.534500
0.536970
0.524455
0.540792
0.543261
0.690978
0.546491
0.415519
0.548960
0.551429
0.553898
0.556367
0.558836
1
0.561288
0.563772
0.566241
0.568710
0.568710
0.571178
1
0.947502
0.836865
0.575236
0.577704
0.555855
0.581175
0.893573
0.583642
0.586109
0.553693
0.558890
0.606802
0.684574
0.752259
0.598683
0.830375
0.749841
0.769046
0.562297
1
0.700872
0.595848
0.607492
0.889116
0.862653
0.754619
0.615887
1
0.615887
0.609541
0.619637
0.752732
0.750735
0.849617
0.635782
1
0.884863
0.884863
1
0.952680
1
1
1
1
1
0.846162
0.689517
1
0.679540
0.581945
0.634687
0.637146
0.639606
0.641852
0.795084
1
0.903131
0.775293
0.647000
0.872672
0.950659
0.738719
0.968103
0.904225
0.747182
0.765037
1
1
0.654175
0.621066
0.652238
0.676271
0.664436
0.744965
0.736832
0.666304
0.592653
0.670008
0.896420
0.923165
0.942256
0.754418
0.805850
0.859859
0.964696
0.800355
0.528752
0.634993
0.679754
0.696969
0.526477
0.683371
0.695563
0.686873
1
0.689319
0.886441
0.745845
0.977577
0.694238
1
0.633136
0.699129
0.839815
0.929869
0.646288
0.707341
0.707341
0.709786
0.936058
0.710311
0.712267
0.797280
1
0.713954
0.731105
0.847490
1
0.762587
0.833972
0.873921
0.871022
0.940627
0.850780
1
0.993429
0.815037
0.721955
0.730670
0.753152
0.728183
0.730620
0.655621
0.842415
0.897287
0.723267
1
0.882029
0.814406
0.761415
1
0.852495
1
0.676570
0.835762
1
0.715814
0.970177
0.912889
0.739361
0.741791
1
0.743379
1
1
0.874554
1
0.745887
0.821022
0.749623
1
1
0.886371
0.677971
0.897861
0.753133
0.996253
1
0.755560
0.757987
0.910362
1
1
0.762842
0.598610
1
0.872328
0.765827
1
0.870097
0.977212
1
1
1
1
1
1
1
0.769191
0.727876
1
1
1
0.773658
1
0.765638
1
0.960341
0.501648
1
0.779698
1
1
1
1
0.960611
1
0.782198
0.784621
0.858507
1
1
1
0.885084
1
1
0.802110
0.927286
1
1
1
1
0.760254
0.799009
1
1
0.808605
0.703864
1
0.789039
0.791456
0.793874
0.795133
0.900312
0.868560
0.994741
0.902679
1
0.892841
1
1
0.906107
0.862398
0.801465
0.806614
0.806297
0.808713
0.808713
0.944300
0.978146
0.811720
0.847954
0.696728
1
0.815774
0.818190
0.820604
0.861236
0.540415
0.904052
1
0.824396
0.832151
0.804019
0.941313
0.829989
0.998697
0.876061
0.931860
0.835073
1
0.834001
1
1
0.815773
1
1
1
0.819322
0.838957
0.759375
0.934789
0.863331
1
1
0.842062
1
0.954959
0.822661
1
0.843777
1
1
0.859916
0.846759
1
0.849168
0.896121
0.921068
1
0.849639
0.958135
0.854108
1
1
0.865019
0.971116
1
1
1
1
1
1
1
0.599681
1
0.867828
0.857872
0.860278
0.867555
1
0.861756
1
0.657345
1
0.863935
1
0.815202
1
0.866612
1
1
1
1
0.840643
1
1
0.997508
1
1
0.918532
1
0.936000
0.910081
1
1
0.872055
0.872055
1
1
1
0.874457
1
1
1
1
0.876857
1
1
1
1
1
1
1
1
1
0.920300
0.876857
0.619761
1
0.984785
0.951011
0.989684
1
1
1
1
0.878492
1
0.880891
1
0.891783
0.911928
0.883653
0.971320
0.885798
0.733736
0.888195
1
0.959431
1
1
1
1
1
0.690814
1
0.960299
1
0.891527
0.893924
0.915368
0.989484
1
1
0.897415
1
0.964605
1
1
1
1
1
0.975232
1
1
1
1
0.899476
1
1
1
1
1
1
0.975454
0.943565
1
0.789036
1
0.908982
0.889172
0.903840
1
1
0.877302
0.865544
0.854915
0.650679
1
1
1
1
0.954647
0.906121
1
1
1
1
0.782214
0.907943
0.908220
1
1
0.910612
0.913003
0.859993
1
1
0.777473
0.898972
1
0.915796
1
1
1
0.915678
1
1
1
1
0.958261
0.872113
0.951165
1
1
1
1
1
1
0.918711
0.921100
0.922503
0.924892
0.926227
0.850278
1
1
0.929391
0.931779
1
0.934168
0.932771
0.937002
1
1
1
0.939390
0.941778
0.980428
0.944181
1
1
1
1
1
1
1
0.936166
0.905246
1
0.947031
1
1
1
0.953857
1
0.951026
1
1
0.951895
0.949262
1
1
1
0.996967
1
0.954798
0.957185
1
1
1
0.959571
0.960287
0.960991
0.961682
0.964068
0.964670
1
1
0.964946
0.967332
0.969719
1
1
1
1
1
0.972104
1
0.974491
1
0.974643
1
1
1
1
0.977029
0.977166
0.979552
1
0.902894
1
1
0.982250
1
0.984636
1
0.874002
1
1
0.984847
0.910422
1
1
1
0.985529
0.985529
1
1
1
1
1
1
0.949886
0.941033
1
1
1
0.987769
0.987985
0.988197
1
0.988405
0.990789
1
1
1
0.993174
0.995558
0.954542
1
0.996138
1
0.993420
1
0.996249
1
0.996249
1
0.996315
1
0.998699
1
0.996504
1
1
1
1
1
1
1
1
1
1
0.964211
1
0.975233
1
1
1
1
1
1
1
1
1
1
1
1
1
1
1
1
0.967256
1
1
1
1
1
1
1
1
1
1
1
1
1
0.988340
1
1
1
1
1
1
1
1
1
1
1
0.965467
1
0.822261
1
0.990099
1
1
0.906341
1
1
1
0.973807
1
1
1
1
1
1
1
1
1
1
1
1
1
1
1
1
1
1
1
1
1
0.947139
0.950961
1
1
1
1
1
0.972616
1
1
1
1
1
1
0.976379
1
1
1
1
1
1
1
1
0.957531
0.974781
1
1
1
0.994359
1
1
1
1
1
1
0.995503
1
1
0.948322
1
1
0.989544
1
1
1
1
1
0.867465
0.945385
1
1
1
1
1
0.754088
1
1
1
1
1
0.998452
1
1
1
1
1
1
1
1
1
1
0.977840
1
1
1
1
1
1
1
1
1
1
1
1
1
1
1
1
1
1
0.883217
1
0.997038
1
1
1
0.967990
1
1
0.939987
1
1
1
1
1
1
1
1
1
1
1
1
1
1
0.945728
1
1
1
1
1
1
0.946355
0.733913
0.985526
0.278679
0.273695
-0.291670
0.753020
0.417417
0.746747
0.793444
-1
-0.750239
0.986995
-0.790460
0.248628
0.737323
0.230193
-1
0.979549
-0.961805
-1
0.753722
1
-0.765884
-0.951343
-1
-1
-1
-1
-0.701317
-0.370669
-0.742040
1
-0.974052
-0.834597
0.969663
-0.903017
-0.876162
0.897954
-0.779822
0.019528
0.961741
0.167670
-1
0.647675
-0.790951
0.161230
-0.810181
-0.580563
0.952596
0.534223
0.446708
0.919436
0.947572
0.742667
0.739778
-0.803056
-1
-0.929230
0.738760
0.735900
0.733043
1
-0.852015
0.293003
-0.716269
0.726226
0.723386
0.924853
-0.925290
-0.491055
-0.947771
0.920028
-1
0.806485
-0.951844
-0.752388
-0.172876
0.803241
0.147197
0.712618
-0.119945
1
0.393608
0.284882
-0.774271
0.297925
-0.622637
0.895470
-1
0.288979
0.670779
0.801659
0.888433
0.465592
0.341762
-0.807606
-0.752424
-0.614074
-0.809950
-0.637882
-0.045104
0.741259
0.877501
-0.915368
-0.890470
0.112005
0.664990
0.662268
0.326757
-0.207106
0.654280
0.965977
0.651565
0.648852
-0.522626
0.643550
0.693297
-0.257669
0.635478
-0.725689
0.631780
0.840503
-0.688198
0.200970
-0.740751
-0.917595
-0.893584
-0.603474
-0.757125
0.627236
-0.883977
0.711000
-0.549901
-1
-0.776694
0.007482
-0.433486
-0.733169
-0.895677
0.196310
-0.402834
-0.425868
-0.517501
-0.184341
-0.792292
0.084550
-0.082142
-0.711329
-0.089506
-0.239782
0.601290
0.810197
0.169650
0.596051
0.593412
0.803233
0.071095
-0.754003
-0.915304
0.797415
-0.397859
0.317088
0.794996
0.532273
0.264794
0.180862
-0.787665
1
-0.586548
-0.694116
-0.822635
0.780679
0.630771
-0.822040
0.777660
0.133703
0.558862
-0.447290
-0.752143
0.341132
0.550696
0.763303
0.595311
-0.636117
-0.445632
0.759787
0.757480
-0.606144
0.753167
-0.651128
-0.569941
-1
0.008653
-0.786505
-0.446168
-1
-1
0.748923
0.746622
-0.566953
0.744124
0.741825
-0.733526
0.740692
0.738393
0.599892
0.518187
-0.904939
-1
0.731446
-0.741212
0.728595
-0.634303
-0.194329
-1
0.727710
-0.727512
-0.039711
0.724637
-0.863468
-1
0.665938
0.722013
0.719723
-0.479623
0.070481
-0.599469
0.712473
0.488292
0.469752
-0.828980
0.192810
0.353570
0.487423
0.484883
0.287646
0.047163
0.477302
-1
-0.663868
0.689315
0.687027
0.687027
0.684739
-0.219064
0.427827
0.679816
0.677530
0.675244
0.402656
0.670671
0.668385
0.668385
0.666099
0.663813
0.661527
0.659241
-1
0.656956
-0.199886
0.653012
1
0.650726
0.362222
0.646156
0.643870
0.641585
0.639300
0.637014
-0.125255
0.632444
0.630159
0.630159
-0.252587
0.626186
0.623901
0.621616
-0.069957
0.150415
-1
0.616441
-1
0.614158
0.611874
0.609592
0.607309
-0.266880
0.602743
-0.376980
0.598177
0.595895
0.593612
0.593612
0.591330
-0.384920
-0.015862
-0.889654
-0.173430
-0.132196
-0.602282
0.362089
0.791427
0.186734
0.273556
-0.653238
0.363798
-0.601529
-0.085721
-0.277484
0.388563
0.564378
-1
0.562100
0.559822
0.557543
-0.488854
0.554628
0.552351
-0.191123
0.547796
0.545518
0.543240
0.543240
0.540963
-1
0.538685
0.536408
0.534131
0.531853
0.529576
0.272263
0.626863
0.525021
0.522743
0.520466
0.518189
0.515912
0.513634
-0.359398
0.232946
-0.278470
0.185857
-0.329975
-0.614565
-0.267289
0.506607
0.256565
-0.713064
-0.166523
0.183211
0.498741
-0.269846
-0.269846
-0.559781
0.493247
-1
-0.616494
0.488707
0.486436
0.484166
0.481895
0.479625
0.479625
0.477354
0.475084
-0.318217
-0.309751
-0.300064
-0.517648
-0.518432
0.073558
1
0.331432
0.329120
-0.598286
-0.540342
0.431762
0.454606
-0.180147
0.117895
-1
-1
0.449110
0.446844
0.444579
0.442313
0.440047
0.437782
0.435516
0.433251
-0.635231
0.430061
-0.558290
0.429164
-0.355928
-0.420093
-0.461981
0.032999
-0.191280
-0.421602
-0.093725
0.296073
-0.579629
-0.449661
-0.506682
-0.397105
-0.586297
-0.480114
-0.600999
0.004683
0.029034
-0.820392
-0.570767
-1
-0.450670
-0.597804
0.078005
-0.542104
-0.295901
0.015108
0.401594
0.399346
-0.561552
0.398899
-0.583008
-0.648638
0.395668
0.004531
-1
-0.056726
-0.465390
0.232272
-0.284322
0.049020
-0.499327
-0.362202
0.255710
-0.005432
-0.531669
-0.347543
-0.208950
0.377961
-0.304729
-0.403050
-0.396420
-0.361271
-0.589107
-0.058716
-0.328696
-0.451640
-0.305121
-1
-0.102363
-0.301862
0.073865
-0.232658
-0.386656
-0.867296
-0.507641
-0.189332
0.236406
0.052637
0.074054
-0.467397
0.360869
-1
0.358651
0.102554
-0.107728
-0.193501
-0.485937
-0.151343
-0.685352
0.351201
0.348988
1
0.346562
0.249018
-0.466176
-0.362925
0.340633
0.338429
-0.193963
-0.407724
-1
0.141346
-0.200029
0.299386
-0.467083
-0.369050
0.329071
0.635786
0.326872
1
-0.613392
0.212101
0.094720
-0.171695
0.313681
0.311483
-0.359136
0.307086
-1
0.307086
-0.425936
-0.385789
0.301150
0.239289
-0.561981
1
-0.479517
-0.961924
-0.057602
-0.274400
0.573503
-0.434111
-0.338478
-0.307317
-0.487632
-1
-0.415639
0.464299
-0.306310
-0.149924
0.401626
-0.185280
0.353541
0.269376
-0.104719
-0.155859
-0.627620
-0.164123
-0.133989
-0.016656
-0.484870
-0.773293
0.153047
-0.540211
-0.435991
-0.373919
-0.256888
1
-1
0.330585
-0.312099
-0.228802
0.070917
-0.078658
-0.322366
-0.381174
-0.087128
0.128726
0.266561
-0.360975
-0.433424
-0.538818
-0.317829
0.261179
0.259028
0.518889
-0.061629
0.254577
0.254577
-0.226024
-0.365030
0.249666
-0.467875
-0.096720
-0.786988
-0.198397
-0.998611
-1
-0.473700
-0.131504
-0.226207
-0.398554
-1
-1
-1
0.669415
-0.413580
0.091050
0.769453
-0.045833
-1
-0.266180
0.108073
-0.286136
-0.018979
-0.146181
1
-1
0.101483
-0.123992
0.222276
0.002067
0.092822
0.090654
-0.207157
-0.895690
-0.339548
-0.420345
-0.379175
0.211122
-0.988165
0.208989
-0.463036
0.206053
-0.981202
-0.384197
0.053739
0.340059
-0.281842
-0.039466
0.070599
-0.395421
-0.500260
-0.446809
-0.342998
-0.267720
-0.098693
0.594450
-0.325502
0.183532
0.241613
0.179285
-0.115651
-0.201849
-0.165364
0.170791
0.054587
0.287685
-0.545783
0.292268
-0.735972
-0.329029
-0.432477
-0.219880
-0.512145
-0.363829
-0.133030
-0.040069
-0.553999
-0.227537
-0.224082
-0.255179
-0.216683
-0.283885
-0.240687
0.013839
-0.379621
0.137210
-0.240792
0.009053
-0.396016
-0.247420
0.181396
-0.215028
-0.368540
-0.427899
-0.302438
0.119680
0.154048
-0.008668
-0.005009
-0.265561
-0.346433
-0.416119
-0.215183
-0.379682
-0.427587
0.104121
-0.100743
-0.022529
-0.181860
-0.284923
-0.274735
-0.461743
-0.030090
-0.032239
-0.262110
-0.096319
-0.460849
-0.290882
-0.546085
-0.293928
-0.035188
-0.479837
-0.186475
-0.047525
-0.049672
0.074556
-0.411544
-0.379665
-0.308021
-0.407568
-0.058903
-0.347611
-0.310821
-0.177619
-0.066658
0.057783
-0.106213
-0.495958
-0.238649
-0.075205
-0.372548
-0.317803
-0.391062
0.207252
-0.074057
-0.241139
-0.087497
-0.373073
-0.399900
-0.092971
-0.348908
-0.097253
-0.099397
-0.101540
-0.258014
0.229603
-0.104472
-0.327053
-0.296227
-0.109287
-0.111430
-0.113572
-0.290647
-0.248750
-0.390850
0.007466
-0.342075
-0.121000
-0.327458
-0.288326
-0.111916
-0.256978
-0.403850
-0.130595
-0.132733
-0.007809
-0.007809
-0.137012
-0.012016
-0.422153
-0.347944
-0.338878
-0.386362
-0.234686
-0.147806
-0.511905
-0.230839
-0.385644
-0.155968
-0.154705
-0.156840
-0.340800
-0.307471
-0.162586
-1
-0.050404
-0.037415
-0.343054
-0.167924
-0.380180
1
-0.329381
-0.532114
-0.409951
-0.409663
-0.056911
-0.776065
-0.179848
-0.181976
-0.184105
-0.186233
-0.241813
-0.190485
-0.290043
-0.353789
-0.068811
-0.087495
-0.377137
-0.409185
-0.442716
-0.380638
-0.290350
-0.557097
-0.358487
-0.209463
-0.384959
-0.386607
-0.212317
-0.279845
-0.376860
-0.217387
-0.222399
-0.374545
-0.375491
-0.330227
-0.100078
-0.504898
-0.230072
-0.394260
-0.234307
-0.236431
-0.446732
-0.284005
-0.476395
-0.271437
-0.116418
-0.521239
-0.244799
-0.244263
-0.421451
-0.535985
-0.340186
-0.662815
-0.252547
-1
-0.126626
0.772632
-0.365778
-0.368610
-0.259879
-0.366683
-0.379643
-0.266225
-0.378743
-0.342622
-0.086245
-0.451841
-0.568291
-0.274770
-0.373377
-0.444960
-0.493880
-0.381337
-0.258216
-0.435934
-0.156974
-0.498717
-0.165213
-0.414588
-0.365015
-0.324186
-0.323174
-0.610274
-0.545699
-0.588673
-0.546885
-0.376574
-0.300494
-0.302606
-1
-0.386766
-1
-1
-1
-0.283567
-0.180430
-0.308938
-0.818651
-1
-1
-1
-0.451567
-0.667235
-0.313565
-0.504880
-0.189148
-0.408701
-0.143909
-0.320368
-0.386551
-0.493898
-0.789718
-1
-0.566124
-0.325814
-0.156821
-1
-0.272902
-1
-1
-0.397183
-0.388048
-1
-1
-0.508691
-1
-0.333142
-0.597134
-1
-1
-1
-1
-1
-0.335977
-0.338082
-0.237802
-1
-1
-1
-0.340187
-0.387191
-0.388736
-1
-1
-0.345659
-1
-1
-0.491632
-1
-0.221789
-0.372486
-0.390200
-0.440345
-0.922459
-0.311760
-0.231767
-1
-1
-0.340168
-1
-1
-0.581351
-0.394843
-0.377464
-0.384541
-0.327607
-0.370037
-0.419514
-0.581630
-0.374472
-0.310475
-0.398795
-0.509112
-0.457106
-0.382645
-0.255529
-1
-0.635029
-0.778258
-0.167277
-1
-1
-1
-0.387163
-0.401617
-0.262143
-1
-1
-1
-1
-0.435520
-0.392284
-0.365846
-0.547969
-0.588484
-0.319845
-1
-0.397199
-0.394112
-1
-1
-1
-1
-1
-1
-1
-0.405436
-0.401640
-0.168146
-0.402183
-0.401344
-0.400574
-0.399872
-0.453524
-0.399688
-0.559011
-0.399114
-0.521702
-0.615484
-0.407103
-0.401872
-0.401431
-0.401049
-0.418230
-0.402393
-0.304633
-0.403670
-1
-0.403430
-0.403244
-0.527575
-0.283706
-0.403639
-0.403605
-0.370196
-0.276784
-0.409005
-0.407074
-0.354423
-0.409907
-0.410002
-0.410144
-0.475479
-0.759319
-0.412842
-0.336413
-0.413086
-0.413372
-0.413700
-0.414068
-0.497117
-0.369090
-0.414972
-0.415491
-0.515610
-0.288968
-0.368220
-0.419845
-0.238908
-0.421906
-0.422492
-0.423112
-0.424697
-0.425362
-0.519373
-0.370395
-0.426785
-0.428849
-0.429609
-0.431240
-0.432041
-0.432871
-0.433729
-0.435246
-0.484419
-0.487100
-0.344514
-0.435226
-0.436194
-0.618047
-0.685188
-0.383800
-0.330274
-0.517273
-0.440897
-0.273794
-0.363790
-0.403259
-0.350663
-0.404913
-0.278895
-0.261020
-0.392040
-0.437292
-0.985204
-1
-0.452422
-0.266963
-0.384369
-0.827668
-0.629049
-0.546326
-0.383804
-1
-0.861051
-0.519374
-0.729560
-0.372219
-0.459223
-0.428602
-0.459578
-0.432707
-0.883821
-0.456765
-0.565236
-0.453891
-0.488564
-0.400096
-0.409864
-0.465031
-0.442730
-0.395808
-0.553115
-0.276481
-0.461106
-0.360926
-0.284406
-0.452040
-0.516372
-0.360582
-0.486051
-0.457512
-0.470295
-0.303724
-0.480744
-0.601332
-0.465707
-0.467755
-0.469804
-0.478052
-0.613029
-0.475926
-0.335063
-0.522311
-0.417879
-0.609146
-0.213406
-0.486166
-0.488214
-0.507140
-0.457207
-0.561544
-1
-0.457825
-0.496811
-0.454295
-0.477037
-0.622402
-0.623067
-0.501354
-0.503401
-0.333960
-0.757809
-0.496386
-0.751338
-0.576698
-0.528872
-0.503366
-0.374053
-0.530376
-0.497051
-0.714613
-0.751770
-0.518315
-0.524349
-0.549689
-0.522405
-0.539892
-0.772131
-0.487134
-0.529169
-0.531213
-0.533258
-0.521025
-0.537346
-0.511429
-0.446965
-1
-0.541434
-0.543478
-0.563752
-0.507388
-0.549609
-0.843595
-0.551961
-0.554004
-0.945947
-0.756872
-0.554313
-0.556356
-0.558397
-0.601418
-0.561586
-0.224767
-0.632322
-0.703203
-0.643772
-0.580523
-0.937734
-0.828800
0.937291
-0.456533
-0.779418
-0.594068
-0.504189
-1
-0.571732
-1
-1
-0.593800
-0.575809
-0.577847
-0.579886
-0.601550
-0.582778
-0.501747
-1
-1
-0.584816
-0.586854
-0.588892
-0.590930
-0.592967
-0.631677
-0.595139
-0.734454
-0.540539
-0.457469
-0.600265
-0.868605
-0.602417
-0.604453
-0.606490
-0.986711
-0.608535
-0.749488
-0.610571
-0.612607
-1
-0.697492
-0.615108
-0.625599
-0.631539
-0.646141
-0.828755
-0.798587
-0.621784
-0.707413
-0.624710
-0.839680
-0.613739
-0.627704
-0.629738
-0.631772
-0.499960
-0.634062
-0.634062
-0.586354
-0.692895
-0.558585
-0.639975
-0.688728
-0.975290
-0.849077
-0.651834
-1
-0.643318
-0.718341
-1
-0.645948
-0.647767
-0.649799
-1
-0.789418
-1
-0.543601
-0.730194
-0.652149
-0.653935
-0.655965
-0.703048
-0.787648
-0.764950
-0.659497
-0.661527
-0.663556
-0.663556
-0.665282
-0.667311
-0.863043
-0.800103
-0.671247
-0.673276
-0.675305
-0.894367
-0.631761
-0.677501
-0.679529
-0.915208
-0.681646
-1
-1
-0.686918
-0.747989
-0.643259
-0.906442
-1
-0.938915
-0.685670
-0.845112
-0.799510
-0.904498
-0.829644
-0.944371
-0.690515
-0.692542
-0.692542
-0.699945
-0.695538
-1
-0.677048
-0.639266
-1
-0.701360
-0.971603
-0.742302
-1
-0.859985
-1
-1
-1
-1
-0.697118
-0.646109
-0.705401
-1
-0.976858
-0.934379
-0.722483
-0.992339
-0.635920
-0.628089
-0.712206
-0.718146
-0.838549
-1
-1
-0.788347
-0.987069
-1
-0.717686
-0.848901
-0.721732
-0.673365
-0.724120
-0.827867
-0.791254
-1
-0.744055
-1
-0.753223
-1
-0.849492
-0.708203
-0.693118
-1
-0.732824
-1
-1
-1
-0.734846
-0.539738
-1
-0.741600
-0.761521
-1
-1
-1
-1
-0.756786
-1
-0.828723
-0.685130
-0.746235
-1
-1
-0.866159
-1
-0.795976
-0.988235
-0.911091
-0.813671
-1
-0.751199
-1
-1
-1
-0.705857
-0.755971
-1
-1
-1
-0.753666
-1
-1
-1
-0.932620
-0.791821
-1
-1
-0.874387
-1
-1
-0.751923
-0.976102
-0.840123
-0.816071
-1
-1
-1
-1
-0.758956
-1
-1
-0.899509
-0.741438
-1
-1
-1
-0.659837
-0.806179
-1
-1
-1
-1
-0.775347
-1
-0.762814
-0.983149
-0.949555
-1
-1
-1
-1
-1
-0.981345
-0.764871
-0.766887
-0.719846
-0.781505
-0.769657
-0.805232
-0.949373
-0.771473
-1
-0.747003
-0.715322
-0.773917
-1
-0.775931
-0.771560
-0.779227
-0.723412
-0.752235
-0.750495
-1
-0.842375
-1
-1
-0.785797
-1
-1
-0.866559
-0.788278
-1
-0.788816
-0.788816
-0.790829
-1
-1
-1
-1
-1
-1
-1
-1
-1
-0.736808
-1
-1
-1
-1
-1
-1
-1
-0.809077
-1
-0.830721
-1
-1
-0.793518
-0.935122
-1
-1
-1
-0.872613
-0.795641
-0.858565
-0.930891
-0.786308
-1
-0.806364
-0.839802
-0.858474
-1
-1
-0.801966
-0.803976
-1
-1
-0.804472
-1
-0.722667
-0.807270
-0.920340
-1
-1
-1
-0.784024
-1
-0.984795
-1
-1
-0.968390
-0.848082
-1
-0.815214
-1
-0.817223
-0.819233
-1
-1
-0.798751
-0.821754
-0.921874
-0.870197
-1
-0.822700
-0.895578
-1
-1
-1
-0.824965
-1
-1
-0.825848
-0.950545
-0.826163
-0.828170
-1
-0.830179
-1
-0.832187
-0.834195
-0.948368
-1
-0.846769
-0.835755
-0.837763
-0.839770
-0.912690
-0.841839
-0.834899
-1
-0.844144
-0.902212
-0.885838
-0.969367
-0.840818
-0.848885
-1
-0.913963
-0.851165
-1
-0.848718
-1
-0.932220
-0.901225
-1
-1
-0.771622
-1
-0.855959
-0.825419
-0.877514
-0.861024
-0.861024
-1
-0.862769
-0.863178
-0.782461
-0.810057
-0.867417
-1
-1
-1
-0.708002
-0.871427
-0.873433
-0.762378
-0.830273
-1
-0.876915
-0.974063
-0.878969
-1
-1
-0.937843
-0.805974
-0.854833
-0.992618
-1
-0.955180
-1
-0.881703
-0.883467
-0.883467
-0.885204
-0.930555
-0.756158
-1
-0.904927
-0.745842
-0.971161
-1
-0.892943
-1
-0.892943
-0.990677
-1
-0.895035
-0.896597
-0.980645
-0.897901
-1
-1
-1
-0.933633
-1
-0.900136
-1
-1
-0.902138
-0.903594
-0.827543
-0.751097
-1
-1
-0.825015
-1
-0.952803
-0.910157
-1
-0.911493
-0.944438
-0.873927
-0.770887
-0.915048
-1
-0.786128
-0.748173
-1
-0.907360
-0.921310
-0.922479
-0.848751
-1
-0.922867
-1
-0.924012
-1
-0.925141
-0.926253
-0.945840
-0.927472
-1
-1
-1
-1
-0.942682
-0.827431
-1
-1
-1
-1
-1
-0.949221
-0.930727
-0.990685
-0.931816
-1
-0.996760
-0.933911
-0.969048
-0.936276
-1
-0.998374
-1
-1
-1
-0.938287
-1
-0.890315
-1
-0.941203
-1
-0.904782
-1
-0.844735
-1
-0.938951
-1
-1
-1
-0.946048
-0.965040
-1
-0.881460
-0.946507
-1
-0.948507
-1
-1
-1
-0.950508
-0.952507
-1
-0.969141
-0.995653
-0.953182
-1
-0.953875
-1
-1
-0.954558
-0.999076
-1
-1
-1
-1
-1
-1
-1
-0.853979
-0.922238
-1
-0.957813
-0.959812
-1
-0.960407
-1
-1
-0.960992
-0.962992
-0.934021
-0.979765
-1
-0.965058
-0.965574
-0.967574
-0.968053
-0.970052
-0.970494
-0.972494
-1
-0.974492
-1
-0.827375
-0.975283
-0.983756
-0.921753
-1
-0.950363
-0.950835
-0.982060
-0.978266
-0.978266
-1
-1
-1
-0.983400
-0.922831
-1
-0.982607
-0.984606
-0.986604
-0.986604
-0.988602
-0.990600
-1
-1
-1
-0.893395
-1
-1
-0.994596
-0.939886
-1
-1
-1
-1
-1
-1
-0.996594
-1
-1
-1
-0.968408
-0.996783
-1
-1
-1
-1
-1
-1
-1
-1
-0.996831
-1
-1
-1
-1
-1
-1
-0.996846
-0.990952
-1
-1
-0.996893
-1
-0.996939
-0.959202
-0.947948
-1
-0.997224
-0.997265
-0.997265
-1
-1
-0.997305
-0.997345
-1
-1
-1
-1
-1
-1
-0.997384
-1
-0.997423
-1
-0.953157
-1
-1
-0.910163
-1
-0.862381
-1
-1
-1
-1
-1
-1
-1
-1
-1
-1
-1
-1
-1
-1
-1
-1
-1
-1
-1
-1
-1
-1
-1
-1
-1
-1
-1
0.050641
0.114461
-0.996800
-0.532211
0.702114
-0.623758
-0.336580
1
-0.987551
-0.990056
-0.515602
-1
1
-0.619757
1
1
-0.409761
1
1
-0.977569
0.095845
0.365311
1
0.301320
-0.570032
-0.037952
-0.758383
0.144149
1
-1
1
1
-0.417870
0.784060
1
1
0.952461
1
0.358088
-0.053401
0.336093
1
-0.518594
0.278681
0.985158
0.958903
0.869661
1
1
-0.952742
0.405194
-0.115041
0.290485
-0.753121
0.845320
0.091199
-0.941959
-0.375743
1
-1
0.636206
-0.796691
0.616843
-0.933396
-0.684117
-0.817465
-0.253637
1
0.999047
-0.777729
1
-0.699145
-0.923435
0.437819
1
-0.143962
0.884547
1
1
0.164843
1
0.279760
1
1
1
-0.202841
1
1
-0.913104
0.389049
0.932448
1
0.360912
0.938662
-0.766106
0.854122
-0.223868
1
-0.904742
0.152201
1
-0.594970
0.884401
0.980681
-0.569794
0.539973
1
1
0.951602
-0.867034
1
0.823443
-0.896175
1
1
1
1
0.720574
1
1
1
-0.310501
1
-0.472481
-0.483479
1
-0.663905
-0.661777
-0.516793
-0.139927
1
1
-0.621729
-0.655544
-0.214372
-0.648522
1
0.993699
1
-0.842027
1
0.826773
1
1
0.986352
-0.475058
0.932866
1
1
-0.903806
0.957255
0.970050
1
1
1
1
1
0.823574
-0.625623
-0.490240
1
0.912184
1
0.728504
1
1
1
-1
1
-0.397752
1
1
0.965094
1
0.888546
0.734238
0.950523
0.950347
1
-0.320057
1
-0.864046
0.945604
0.916809
0.852934
1
0.881107
1
0.924548
-0.612032
0.880152
0.835437
1
0.907728
-0.325380
0.899278
1
0.937864
1
-0.021977
1
0.792052
1
1
1
1
0.694230
1
1
1
1
0.924208
1
0.288454
0.809739
-0.164806
0.829936
-0.501418
0.632100
-0.850093
1
-0.160680
0.781188
0.837362
0.840993
-0.847486
0.982204
0.825338
-0.845335
-1
-0.203398
0.767645
0.444662
0.321493
-0.621957
0.635783
-0.577572
0.866044
0.800352
0.513799
-0.616478
0.920125
0.843049
0.795610
0.936538
-0.418130
0.365198
0.105173
0.597334
-0.398301
-0.189341
0.112819
1
1
0.595222
0.695285
0.583807
-0.813277
-0.163468
-0.809340
-0.809340
-0.539140
0.845444
-0.098540
0.892462
0.650897
0.990339
0.004203
0.969333
0.239709
0.948851
0.956613
-0.518442
-0.798628
0.853620
1
0.858922
0.758025
0.476777
-1
0.721158
1
0.730276
0.942818
0.768579
0.872235
0.847920
-0.039952
1
-0.789350
0.923180
-0.584162
1
0.801388
0.632723
0.882509
-0.595754
-0.228226
-0.091636
-0.780619
-0.780619
0.905023
-0.132080
1
0.886924
0.818854
0.715752
0.404081
0.618579
-0.713095
0.455034
0.577510
0.688105
0.747176
0.472529
1
1
0.784022
0.789187
-0.550243
0.851564
0.759443
0.766135
0.728502
0.637059
0.729364
0.828561
0.263490
0.856978
-0.763530
0.703771
0.893821
0.550426
1
-0.069991
-0.148651
0.809376
0.859223
0.113622
-0.756110
0.537891
0.268821
1
0.617555
0.581942
0.726862
0.969680
0.699003
0.153387
-0.594697
0.759416
-0.747241
0.084312
0.949625
0.874399
-0.170055
1
0.764922
-0.489193
-1
0.427313
-0.693003
-0.345863
-0.320198
-0.372307
0.616519
0.766198
-0.390373
0.410896
-0.698612
0.540025
0.708678
0.840223
1
0.652221
0.956504
0.216299
0.304728
-0.715633
-0.510810
0.300022
0.410693
1
0.808673
0.969692
-0.064806
0.801575
0.325412
0.558678
-1
0.587030
-0.462803
-0.702401
-0.530195
-0.698524
0.539649
0.578317
0.605280
0.847621
1
0.769985
1
0.958941
0.511292
-0.391163
0.504496
-0.686676
1
0.871941
-0.226577
0.774742
0.688783
0.805055
0.965547
0.193246
-0.680410
0.101041
-0.459612
-0.342105
-1
0.709435
-0.672437
-0.670502
0.886073
-0.016594
0.123560
1
0.603246
0.986631
-0.787561
0.751247
0.576779
0.641427
0.817868
1
0.758255
0.503349
-0.164716
0.809958
0.271612
0.327814
0.548356
0.439373
0.589410
0.716746
0.639193
0.749609
0.644733
-0.535176
0.014475
0.361978
-0.729867
0.648023
1
0.778506
0.187573
0.733647
0.937404
0.631493
1
0.097074
0.705159
0.821300
0.852672
-0.418335
0.977663
1
-0.222527
0.722331
0.797353
0.666780
-0.627532
1
0.459189
0.301565
0.288011
0.728300
0.694501
0.454753
0.987046
0.484569
0.281586
0.566976
0.633847
0.872556
-0.509189
0.504575
1
0.043353
-0.185298
0.608865
0.360047
0.858391
0.533901
0.817887
0.136237
-0.148628
0.955814
0.660496
-0.715521
0.407123
-0.599228
-0.597307
0.593156
-0.594852
-0.592932
-0.316884
0.049175
0.165835
-0.699903
-0.219526
0.098740
-0.581412
-0.257554
-0.577573
-0.414133
-0.357118
0.517421
0.466903
-0.433151
-0.352633
0.237745
0.202960
0.307069
-0.344713
0.605958
0.651659
0.611223
0.569513
-0.882848
-0.558719
0.317734
0.362713
-0.337673
-0.110926
-0.208524
0.442428
0.682269
0.219301
-0.180306
0.089115
0.119758
0.499421
-0.325864
-0.323867
0.522156
0.303036
0.688625
0.526246
0.015824
-0.476392
0.445158
-0.195554
0.576483
0.091633
-0.402403
0.765694
0.559173
0.605914
-0.724915
-0.126713
-0.731785
0.336234
-0.520773
-0.518866
-0.516960
0.528103
-0.451582
0.648216
-0.904868
0.658130
0.700423
-0.129312
0.637001
0.604156
0.525120
-0.503973
-0.381893
-0.268822
-0.882237
0.376582
0.623167
0.564570
0.610237
0.216177
0.612037
-0.492608
-0.271591
0.638744
-0.088782
0.737030
0.461945
0.137114
0.481730
0.584070
0.654203
-0.262259
0.058592
0.060721
0.138006
-0.133688
0.211125
-0.471969
0.457438
-0.469405
0.619474
0.532028
-0.246880
-0.244897
-0.462670
0.590114
0.535997
-0.282497
0.602023
0.474347
0.057621
0.686165
0.651002
0.644770
-0.181258
-0.454759
0.594390
-0.452343
-0.450446
0.511503
0.475424
0.722486
0.484440
0.052648
-0.383946
0.629598
0.382768
0.283474
-0.605076
-0.441142
-0.217416
-1
0.496681
0.495346
-1
0.511242
0.035710
0.477456
0.388085
1
-0.525214
-0.178489
-0.427664
-0.425775
-0.840704
0.557670
0.810314
0.325045
-0.421576
0.598225
0.411025
0.176997
0.178425
0.097702
-0.428516
-0.211798
0.219409
-0.188125
-0.222260
0.225004
-0.403776
0.306804
-0.400003
-0.398117
-0.396231
-0.396231
-0.394345
-0.171452
0.271755
-0.167552
-0.386801
0.444528
0.489175
0.454103
-0.356011
0.542303
0.630110
-0.380300
0.437422
0.469877
0.432023
-0.179965
0.501001
0.645832
-0.708981
-0.200138
0.250375
0.644609
0.595196
0.457320
0.576834
0.167677
0.581863
-0.231746
0.165787
0.541111
0.500171
-0.157688
0.813493
-0.295089
0.459399
0.549385
0.498756
-0.355322
-0.060146
0.575706
0.498690
1
-0.058125
0.512737
-0.348713
-0.346835
-0.344957
-0.343080
-0.202587
0.130264
0.497015
0.762932
0.695141
0.278884
-0.335274
0.396868
0.257878
0.579814
-0.173857
0.505200
0.704102
0.683315
0.698737
0.678629
0.506888
0.551292
-0.004909
0.536779
-0.325062
0.562639
0.146458
1
0.137576
-0.047888
0.137944
0.491157
-0.320617
0.205584
0.025107
0.530882
-0.122640
0.652436
0.362351
0.488111
0.532972
-0.158824
0.552088
0.550561
0.566830
1
0.609558
0.747659
0.688556
0.518992
0.554101
0.033857
-0.145486
-0.145654
-0.186383
0.450505
-0.197694
0.392045
0.342866
0.225603
-0.289382
-0.575172
-0.285656
0.347431
-0.351909
0.477181
-0.082477
1
1
0.466448
0.307599
0.135949
0.353847
0.454722
0.175370
-0.271256
0.050715
0.346280
0.513878
0.095114
-0.264104
0.014997
0.917744
0.404620
0.148017
0.426867
0.573903
0.049370
0.549120
0.673714
0.483515
-0.128982
-0.249356
0.488753
-0.246102
0.587614
0.327024
0.415133
0.366133
0.606005
0.405683
0.502214
-0.195872
0.284939
-0.036201
-0.235091
-0.233234
-0.124271
-0.229518
-0.227661
1
0.437381
0.484292
0.680138
1
0.467897
1
0.753958
1
0.829285
0.782076
0.589749
0.679813
0.416081
-0.065494
-0.114185
0.226527
0.558369
0.408222
0.545748
0.489583
-0.209978
-0.208123
-0.077429
-0.204414
-0.204414
0.184082
0.212435
0.098266
-0.317732
0.332009
0.659555
0.534484
0.515674
0.900434
0.319262
-0.061019
-0.054756
0.408974
0.454640
0.560436
0.443735
0.411387
1
0.707498
0.515621
0.644170
0.670666
0.627638
0.629648
0.630193
1
1
0.674119
0.495090
0.438507
-0.108648
0.516298
0.479704
0.537940
0.579334
0.546351
0.598164
0.429090
0.048611
0.499804
0.435938
-0.035849
0.456901
0.587939
-0.234126
0.955556
0.600572
0.786314
-0.013901
0.558761
0.539024
0.548908
0.578468
-0.024586
0.483328
0.052722
0.519096
-0.019681
-0.162616
0.583099
0.807102
1
0.432202
-0.144186
1
0.244888
0.693109
-0.140299
0.982339
0.548895
-0.008181
0.539997
0.252760
0.081644
0.503907
1
0.515072
0.000985
0.020121
-0.126373
0.684161
0.173124
0.266149
0.851552
0.638476
-0.232910
-0.117371
-0.115527
-0.113683
-0.006733
0.551941
-0.025383
0.977132
0.653078
0.426088
0.582938
0.460120
0.443093
0.074783
0.572851
-0.101088
0.493654
0.382385
0.461123
0.651341
1
0.675415
0.903337
0.076988
0.664142
0.584779
0.557411
0.494464
0.432841
0.531236
0.633506
1
0.535946
-0.019003
-0.082693
-0.080853
0.261666
0.199607
0.424229
0.268391
0.557309
0.451966
0.531469
-0.071938
0.178610
0.338429
0.291018
0.221503
-0.064583
-0.062744
0.068711
0.464734
0.442153
-0.020437
0.442931
0.332873
-0.054174
0.234398
0.402497
0.180070
0.191904
0.394187
0.333038
-0.439689
-0.320411
0.088457
0.090314
0.546645
0.352099
0.682563
0.271492
0.461850
0.359431
-0.028134
-0.028134
-0.026299
0.105402
0.199113
0.277939
0.110972
0.446150
-0.015281
-0.234211
-0.006679
-0.012178
-0.010342
-0.008506
-0.006670
0.326286
0.127060
-0.001164
0.467354
0.132113
-0.222060
0.003839
0.228327
0.007510
0.139538
0.401810
0.300178
0.083522
0.015614
0.017449
0.019284
0.149578
0.021119
0.114529
0.280003
0.503398
0.025880
0.027714
0.393719
0.030963
0.247844
0.032797
0.165067
0.361184
0.933979
0.544750
0.379579
0.419979
0.259131
0.770355
0.289289
0.502652
0.060263
0.268760
0.324393
0.335581
0.452607
0.710486
0.519080
0.585288
0.061259
0.872557
0.192084
0.555204
0.438819
0.491190
0.570613
0.657970
0.307013
1
0.589975
0.589975
0.782451
0.634504
0.709148
0.826143
0.718944
0.942952
1
0.721383
0.016605
0.802113
0.334672
0.296634
0.217353
0.219203
0.448466
0.401924
0.514368
1
0.752160
0.458943
0.257581
0.513179
0.609380
0.662399
0.660341
0.640060
0.466008
0.469908
1
0.397343
0.237661
-0.076478
0.311488
0.214670
0.208410
-0.132069
0.411780
0.226512
-0.146023
0.120050
0.394806
0.218597
0.021292
0.097266
0.427603
-0.074999
0.152060
0.362476
-0.562802
0.354700
0.264679
0.433314
0.296358
0.228118
0.463170
0.272355
0.522906
0.143468
0.001994
0.090895
0.329546
0.148024
1
0.377719
0.151665
0.266009
0.376825
0.234216
0.158949
0.289914
0.291755
0.458020
0.486066
0.238315
0.500562
0.173220
0.299007
0.335422
0.400637
0.781582
0.466002
0.537583
0.487574
0.306623
0.046146
0.251343
1
0.364390
0.174110
0.180109
0.189084
0.120061
0.146058
0.318345
-0.084718
0.207229
0.246090
0.266657
1
0.402717
0.417419
0.464987
0.489231
0.508704
0.869087
0.475383
0.172301
0.496899
-0.078252
0.537866
0.452248
0.336633
0.464145
0.773450
0.340518
0.519468
0.664221
0.215125
1
0.213193
0.329578
0.347786
0.506902
1
0.398428
0.398428
0.470092
0.353694
0.363703
0.283020
0.357329
0.228131
0.459195
0.880038
1
0.362993
0.330187
0.743042
0.428931
0.366844
1
0.470580
0.214350
0.590179
1
0.835432
0.835605
1
0.177077
1
0.372591
0.393217
0.977115
0.542773
0.810333
0.246462
1
0.464172
1
0.497123
0.354510
0.850875
0.384042
0.445958
0.878597
0.618217
1
0.500111
0.899672
0.399334
0.260614
0.466469
1
1
0.541189
0.571738
0.905660
1
0.185948
0.610909
1
1
0.906785
0.570956
0.315264
0.532655
0.811265
1
0.262737
0.166461
1
0.268011
0.400853
0.476479
0.273413
0.543472
0.578561
0.534556
0.351835
0.362088
0.282674
0.557118
0.599164
0.472802
0.542734
0.289068
0.265131
0.292669
0.294469
0.294469
0.396301
0.478496
0.299870
0.517878
0.351978
0.517577
0.304527
0.306326
0.308126
0.425199
0.129977
0.439331
0.527363
0.313973
0.423244
0.396585
0.417900
0.321167
0.488705
0.420749
0.466116
0.498061
1
0.327243
0.945817
0.759725
0.447390
0.934009
0.979678
0.225431
0.460044
0.332780
0.292643
0.415623
0.099696
0.551409
0.711874
0.496486
1
0.614021
0.488508
0.689964
0.477069
0.712696
0.691241
0.539546
0.481072
1
0.351311
0.420861
0.650559
0.944283
0.353705
0.520618
0.357291
1
0.288681
0.105920
0.510504
0.649634
0.523091
0.696173
1
0.482011
0.334468
0.421601
0.097221
1
0.475502
0.364630
0.505296
0.525954
0.740399
0.463457
1
0.463892
1
0.503523
0.199097
0.317246
0.538145
0.507473
1
0.961886
0.574724
1
0.414110
0.555248
0.670889
0.609785
0.789566
0.947728
0.364197
0.732283
0.433263
0.589962
1
0.818851
0.385710
0.385710
1
0.399897
0.894823
0.388377
0.681976
0.970025
0.588890
1
0.390736
0.608538
0.144466
0.731040
0.871891
0.813549
0.741381
0.837105
0.285677
1
0.583230
0.517568
0.400703
0.734976
0.343759
0.705751
0.581809
1
1
0.579716
0.763474
0.402403
0.697260
0.405961
1
0.606192
0.568749
0.523463
0.573121
0.412041
0.289005
0.413819
0.905452
0.541039
1
0.562776
1
1
0.775793
0.406463
0.582306
0.715461
1
0.421330
0.423106
0.575294
0.841271
1
0.290590
0.529463
0.638863
0.820492
0.672731
1
0.908333
0.884912
0.858318
0.677657
0.312052
0.539334
1
0.769182
0.435672
0.779740
1
0.838719
1
1
1
0.448388
0.350570
0.643649
0.491036
0.991790
0.597283
0.465532
0.539826
0.625460
0.856042
0.503011
0.333140
0.463427
0.222490
1
0.662447
0.751722
1
0.613355
0.546080
0.679415
1
0.813772
1
0.379672
0.503909
0.459168
1
0.749585
0.462711
0.464483
0.287164
0.619133
0.911999
0.423975
0.540287
1
0.468373
0.478616
0.616763
0.704334
0.387079
0.985134
1
1
0.901123
0.451239
0.600654
0.415657
1
0.881688
0.882495
1
0.680270
0.667345
0.477745
0.557010
0.481282
0.556824
0.484819
0.403444
0.619578
0.828403
0.488417
0.490185
0.725820
0.492047
0.537451
0.495581
0.723912
0.707642
0.780345
0.499476
0.501243
0.568541
0.503361
0.694471
0.532196
0.556506
0.634616
0.690084
0.528570
1
0.560993
0.612119
0.643657
0.515319
0.831323
0.922240
0.587537
0.500020
0.961691
0.599584
0.592326
0.708014
0.524924
0.518045
0.500721
0.508449
0.851055
0.646159
0.611892
0.533931
0.535696
0.594876
1
0.613349
0.578120
0.579182
0.580255
0.543702
0.545467
0.452770
0.573916
0.729350
0.550581
0.552346
0.554110
1
0.647876
0.743013
1
1
0.557709
0.680036
0.596977
0.736486
0.564764
0.711715
0.618006
0.800281
0.592654
0.593298
0.572228
0.573991
0.638566
0.536296
0.716232
0.695746
0.578456
1
0.580219
0.921934
0.432302
0.768422
0.545654
0.607226
0.559846
1
0.833848
0.789032
0.587070
0.601285
0.697532
0.775741
0.623736
0.801540
0.925400
0.543694
0.575635
0.529498
0.779775
1
1
0.518656
0.610910
0.612462
0.630350
0.604388
0.606148
1
0.854010
0.960193
0.609669
0.615793
0.560595
0.785267
0.619103
0.886688
0.578143
0.853018
0.634734
0.828548
0.623206
0.614978
0.623041
0.716173
0.625829
0.863110
0.604959
1
0.961427
0.628678
1
1
0.764535
0.631248
0.928493
1
1
0.610181
0.639581
0.701138
0.636131
0.637890
0.639648
1
0.970963
0.787688
1
0.702077
0.644307
0.644307
0.966375
0.759548
0.646236
0.977942
0.729240
0.943698
0.681064
0.936964
0.828070
1
0.810146
1
0.652747
0.949456
0.918869
1
0.868356
0.693494
1
1
0.852998
0.788449
0.702465
0.844797
1
0.997338
1
1
0.657730
1
0.916087
1
0.462129
1
0.596648
0.973638
0.645783
1
0.711662
0.556454
0.779625
0.784589
0.724855
0.587699
1
1
1
0.859324
0.692767
1
1
0.833746
0.997529
1
1
0.804815
0.725655
1
0.664618
0.786242
0.671324
0.673077
0.977343
1
1
0.594895
0.689331
0.969909
0.675617
0.960051
0.815182
1
0.755328
0.788917
1
0.804252
0.775275
0.963200
1
0.763506
0.765611
0.863363
0.815178
1
0.681986
0.683738
1
1
0.813314
0.670904
0.686840
1
0.933931
1
1
1
1
1
1
1
0.681146
1
0.740983
0.680234
0.918648
1
0.858743
1
1
0.692395
0.863560
1
0.663126
0.573332
0.697195
1
0.750066
0.694012
0.963645
0.623272
0.988434
1
0.703016
0.906734
1
0.707754
0.808579
0.707154
1
0.708904
0.710654
0.715675
0.787469
0.835377
1
0.531891
0.689098
0.718282
1
1
1
1
1
1
1
0.934291
1
0.719588
0.721337
0.721337
0.761145
0.724571
0.726320
0.980559
1
0.641171
1
0.699870
1
1
1
0.715641
0.776515
0.733125
0.882676
0.818828
0.856249
1
1
0.668353
0.739768
0.814307
1
1
1
1
1
1
0.742615
0.768431
1
1
1
1
1
1
0.864736
0.497051
0.692775
-0.210623
-0.215007
-0.970729
0.420866
0.159379
0.415829
0.480476
-1
-1
0.735150
-1
-0.233585
0.409521
-0.266401
-1
0.729907
-1
-1
0.427928
1
-1
-1
-1
-1
-1
-1
-1
-1
-1
1
-1
-1
0.726411
-1
-1
0.620474
-1
-0.550672
0.721168
-0.485024
-1
0.226012
-1
-0.486772
-1
-1
0.715924
0.159684
-1
0.719289
0.712430
0.431494
0.429201
-1
-1
-1
0.429122
0.426856
0.424593
0.853356
-1
-0.196605
-1
0.420217
0.417972
0.696703
-1
-1
-1
0.694955
-1
0.524501
-1
-1
-0.696281
0.555220
-0.213402
0.464897
-0.737437
0.984344
-0.002023
-0.165085
-1
-0.149753
-1
0.679862
-1
-0.141015
0.431705
0.456409
0.674621
0.095615
-0.061439
-1
-1
-1
-1
-1
-0.519151
0.522985
0.667634
-1
-1
-0.286073
0.380682
0.378542
-0.049475
-0.832049
0.373097
0.799583
0.370964
0.368832
-1
0.366444
0.502537
-0.641050
0.360116
-1
0.357893
0.643976
-1
-1
-1
-1
-1
-1
-1
0.357321
-1
0.563834
-1
-1
-1
-0.414378
-1
-1
-1
-0.221230
-0.969033
-0.844363
-1
-1
-1
-0.331627
-1
-1
-0.640210
-0.805006
0.346343
0.632387
-0.215441
0.342237
0.340164
0.627149
-0.241741
-1
-1
0.623657
-1
0.140111
0.621911
0.464824
-0.125730
-0.160153
-1
0.448794
-1
-1
-1
0.613184
0.325052
-1
0.611439
-0.261199
0.317345
-1
-1
0.032492
0.313095
0.602713
0.384826
-1
-1
0.600967
0.599222
-1
0.597477
-1
-1
-1
-1
-1
-1
-1
-1
0.595732
0.593987
-1
0.592242
0.590497
-1
0.590497
0.588752
0.427362
0.293288
-1
-1
0.583517
-1
0.581772
-1
-1
-1
0.581772
-1
-1
0.580027
-1
-1
-0.722108
0.578282
0.576537
-1
-0.298565
-1
0.573047
0.298001
0.282303
-1
0.071661
0.103056
0.274192
0.272185
0.046678
-0.317032
0.266207
-1
-1
0.557344
0.555600
0.555600
0.553855
-0.947737
0.250953
0.550345
0.548601
0.546856
0.230162
0.543369
0.541625
0.541625
0.539881
0.538137
0.536393
0.534650
-1
0.532906
-0.947948
0.531068
0.952230
0.529325
0.198884
0.525838
0.524094
0.522351
0.520607
0.518863
-0.586458
0.515376
0.513633
0.513633
-1
0.511889
0.510146
0.508402
-1
-0.897483
-1
0.506433
-1
0.504690
0.502947
0.501204
0.499461
-0.697356
0.495974
-0.789159
0.492488
0.490745
0.489002
0.489002
0.487259
-0.959792
-0.617395
-1
-0.913893
-0.316080
-1
0.187440
0.765638
-0.123428
0.136296
-1
0.191363
-1
-0.758045
-0.987718
0.251755
0.472672
-1
0.470930
0.469188
0.467446
-1
0.465704
0.463963
-0.360707
0.460479
0.458737
0.456995
0.456995
0.455253
-1
0.453511
0.451769
0.450027
0.448285
0.446544
0.185357
0.652998
0.443060
0.441319
0.439577
0.437835
0.436094
0.434352
-1
-0.060787
-0.936417
0.050726
-1
-1
-1
0.430822
-0.408647
-1
-0.868021
0.071208
0.425495
-0.421810
-0.421810
-1
0.422013
-1
-0.950626
0.419258
0.417518
0.415777
0.414037
0.412296
0.412296
0.410556
0.408815
-0.460848
-0.965313
-0.878031
-1
-1
-0.268286
1
0.178575
0.176780
-1
-1
-0.800624
0.399412
-0.980785
0.028025
-1
-1
0.395913
0.394173
0.392434
0.390695
0.388956
0.387217
0.385478
0.383739
-1
0.382000
-0.985531
0.381974
-1
-1
-1
-0.293648
-1
-1
-0.869416
0.290281
-1
-1
-1
-0.981929
-1
-1
-1
-0.839149
-1
-0.905770
-1
-1
-0.964933
-1
-0.843304
-0.925221
-0.916765
-0.292904
0.375923
0.374187
-1
0.374187
-1
-1
0.372451
-0.300034
-1
-0.868582
-0.987541
0.264767
-0.902579
-0.209775
-1
-1
0.143688
-0.304780
-1
-0.956897
-1
0.363387
-0.953955
-0.992217
-0.988907
-0.907890
-1
-0.815750
-0.929505
-0.959692
-0.956528
-1
-0.835990
-1
-0.275588
-1
-1
-1
-1
-0.797126
0.140708
0.054903
-0.672616
-0.879241
0.360165
-1
0.358437
-0.746905
-0.186378
-0.908738
-0.775931
0.572558
-0.902208
0.353620
0.351895
1
0.349971
0.224443
-0.991754
-1
0.346509
0.344788
-0.929241
-0.939454
-1
0.097059
-0.771380
0.310276
-1
-1
0.340917
0.719576
0.339197
1
-1
0.199466
-0.128295
-0.406328
0.330597
0.328876
-0.799381
0.326429
-1
0.326429
-0.431775
-0.942812
0.322856
-0.633779
-1
0.923797
-0.957626
-0.267778
-0.659853
-0.874142
-0.382840
-0.990382
-0.729449
-0.845611
-0.942174
-1
0.002629
0.589383
-0.480448
-0.688019
0.015594
-0.792063
0.428100
-0.747592
-0.713270
-0.637699
-0.923373
-0.114570
-0.587736
-0.098553
-0.978355
-0.915372
0.095448
-0.914097
-0.913463
-0.910782
-0.882277
1
-0.802690
0.429288
-0.871143
-0.659425
-0.468094
-0.780655
-0.654371
-0.817010
-1
0.286501
0.307858
-0.918184
-0.902947
-0.934807
-0.719622
0.305602
0.303904
-0.370396
-0.579479
0.301268
0.301268
-0.783246
-0.788562
0.298816
-0.895382
-0.484091
-1
-0.762394
-1
-1
-0.794649
-0.353504
-0.655636
-0.863353
-0.992855
-1
-1
0.861225
-0.832848
0.131068
-0.272203
-0.563704
-0.906972
-0.830563
0.074926
-0.919565
-0.454265
-0.359284
1
-0.879129
0.071084
-0.266970
0.283610
-0.088609
0.064153
0.062418
-0.792301
-0.858142
-0.678316
-0.359498
-0.773629
0.275956
-0.425941
0.274006
-0.891696
0.272169
-0.893890
-0.831904
-0.018025
0.555206
-0.611878
0.120506
0.048687
-0.907229
-0.926233
-0.924458
-0.856282
-0.797887
-0.163321
0.860041
-0.889915
0.260234
0.317334
0.256866
-0.163757
-0.396209
-0.200537
0.250131
0.086686
0.511868
-1
0.335238
-0.912422
-0.853082
-0.885377
-0.406771
-0.918210
-0.907775
-0.279322
-0.127475
-1
-0.415918
-0.638802
-0.528643
-0.357017
-0.870831
-0.373571
0.016444
-0.959537
0.231808
-0.419323
0.013035
-0.752616
-0.423976
0.232172
-0.600354
-0.622054
-0.842120
-0.635464
0.220652
0.295261
0.001632
0.039609
-0.436665
-0.721094
-0.859646
-0.530585
-0.681497
-0.886973
0.210938
-0.771368
-0.006486
-0.472529
-0.433664
-0.413017
-0.953876
-0.011848
-0.013574
-0.769066
-0.029096
-0.937325
-0.747844
-0.736837
-0.284009
0.019161
-0.894492
-0.206778
-0.022159
-0.023883
0.191910
-0.853581
-0.886449
-0.461424
-0.856731
-0.028420
-0.843889
-0.439922
-0.270607
-0.033882
0.182185
-0.120787
-0.903257
-0.391030
-0.039469
-0.339560
-0.674512
-0.724191
0.409185
0.011591
-0.161673
-0.048244
-0.771427
-0.815860
-0.051111
-0.489218
-0.054548
-0.056270
-0.057993
-0.697500
0.329931
-0.060000
-0.734337
-0.283015
-0.063579
-0.065300
-0.067022
-0.410538
-0.617007
-0.799554
0.147997
-0.738993
-0.070879
-0.586230
-0.392760
-0.405521
-0.400789
-0.837058
-0.077463
-0.079182
0.137499
0.137499
-0.082624
0.134151
-0.795680
-0.742117
-0.489400
-0.466889
-0.237977
-0.118011
-0.152154
-0.572306
-0.510300
0.322000
-0.095821
-0.097538
-0.346969
-0.665125
-0.101654
-1
0.105033
0.115343
-0.558836
-0.105788
-0.500477
0.454610
-0.609913
-0.678546
-0.367050
-0.597929
0.097767
0.887080
-0.115261
-0.116975
-0.118688
-0.120402
-0.323415
-0.123823
-0.662423
-0.575451
0.090960
-0.549407
-0.490995
-0.758169
-0.868735
-0.836139
-0.243150
-1
-0.295441
-0.134972
-0.095637
-0.574762
-0.137162
-0.606089
-0.483599
-0.140967
-0.130746
-0.480103
-0.754871
-0.597844
0.070725
-0.436829
-0.150282
-0.726220
-0.153106
-0.154817
-0.847135
-0.734819
-0.775210
-0.637092
0.060817
-0.743887
-0.158836
-0.549260
-0.709371
-0.633123
-0.234278
-0.984492
-0.164523
0.973523
0.053014
1
-0.870281
-0.424520
-0.170033
-0.377482
-0.471913
-0.175142
-0.466426
-0.813287
0.036281
-0.779947
-1
-0.180053
-0.330418
-0.735071
0.324360
-0.468064
-0.177656
-0.984420
0.032207
-0.877972
-0.540729
-0.413445
-0.800176
-0.723087
-0.288081
-0.687914
-0.848701
-0.874497
-0.148628
-0.418211
-0.196354
-0.198058
-1
-0.464783
-1
-1
-1
-0.085368
0.016851
-0.205128
-0.572116
-1
-1
-1
-0.393309
-0.715120
-0.207203
-0.435514
0.009557
-0.646525
-0.462906
-0.212348
-0.461173
-0.298782
-0.056328
-1
-0.809105
-0.217141
0.050586
-0.817119
-0.274196
-1
-1
-0.774179
-0.461545
-1
-1
-0.752776
-1
-0.222465
-0.626712
-1
-1
-1
-1
-1
-0.224929
-0.226629
1
-1
-1
-0.939117
-0.228347
-0.416569
-0.442275
-1
-1
-0.197048
-1
-1
-0.475617
-1
-0.016395
-0.778192
-0.457881
-0.723262
-0.540860
-0.082453
-0.023424
-1
-1
-0.404104
-1
-1
-0.416477
-0.461053
-0.754538
-0.697135
-0.106799
-0.250797
-0.686816
-0.882034
-0.253805
-0.557724
-0.460458
-0.298864
-0.783444
-0.259839
-0.040734
-1
-0.845819
-0.857265
-0.089406
-1
-1
-1
-0.263106
-0.460317
-0.045686
-1
-1
-1
-1
-0.627731
-0.252163
-0.659961
-0.423469
-0.506027
-0.008500
-1
-0.270959
-0.235549
-1
-1
-1
-1
-1
-1
-1
-0.783675
-0.273606
0.052403
-0.731400
-0.271400
-0.270227
-0.269122
-0.587668
-0.268456
-0.303542
-0.267479
-0.592775
-0.547122
-0.528878
-0.269603
-0.268760
-0.267976
-0.789069
-0.267668
-0.077786
-0.451979
-1
-0.267900
-0.267313
-0.648853
-0.202130
-0.266736
-0.266300
-0.575613
-0.032243
-0.692065
-0.268085
-0.623226
-0.453574
-0.269695
-0.269436
-0.507756
-0.694414
-0.271738
-0.103066
-0.271581
-0.271466
-0.271392
-0.271360
-0.724988
-0.183854
-0.270745
-0.270863
-0.556845
0.089721
-0.702828
-0.457627
-0.405075
-0.459114
-0.275476
-0.275696
-0.460759
-0.475543
-0.531987
-0.129405
-0.257452
-0.279429
-0.279789
-0.465014
-0.281418
-0.269332
-0.282306
-0.722705
-0.647715
-0.127110
-0.052087
-0.466570
-0.283105
-0.601355
-0.650476
-0.101354
-0.523493
0.015512
-0.361290
-0.040986
-0.396964
-0.602053
-0.424983
-0.157159
-0.045132
-0.270577
-0.493922
0.087861
-0.259682
-0.144216
-0.375122
-0.085292
-0.169117
-0.260025
-0.422966
-0.525613
-0.266531
-0.525888
-0.566575
0.060768
-0.339148
-0.459117
-0.302866
-0.179801
-0.302429
-0.183092
-0.342161
-0.270871
-0.609241
0.854368
-0.083913
-0.727002
-0.657166
-0.491716
-0.192763
-0.157969
-0.014915
-0.340219
-0.147850
0.042499
0.046177
-0.200808
-0.260731
-0.082449
-0.302135
-0.206139
-0.308017
0.017120
-0.229812
-0.084509
-0.212713
-0.214357
-0.216001
-0.621809
-0.418362
-0.220931
0.003960
-0.197576
-0.433345
-0.352533
-0.203027
-0.229148
-0.230791
-0.225057
-0.266447
-0.382913
-0.739322
-0.180908
-0.369087
-0.075199
-0.602493
-0.507614
-0.738329
-0.373289
-0.374945
-0.027974
-0.746626
-0.732660
-0.239925
-0.311430
-0.344766
-0.650667
-0.372572
-0.657480
-0.715611
-0.701914
-0.727034
-0.387919
-0.509452
-0.116811
-0.391227
-0.624615
-0.920676
-0.293285
-0.657739
-0.398061
-0.399716
-0.312055
-0.403026
-0.231307
-0.373293
-0.543443
-0.406516
-0.669685
-0.372790
-0.703324
-0.412712
-0.449090
-0.677152
-0.286369
-0.275802
-0.698091
-0.679680
-0.419735
-0.731018
-0.380564
-0.423820
-0.313616
-0.731861
-0.495053
-0.729829
-0.888053
-0.855038
-0.891851
1
-0.563476
-0.789566
-0.750956
-0.670161
-0.110310
-0.432058
-0.156312
-0.687844
-0.654557
-0.435720
-0.437371
-0.439022
-0.497438
-0.441930
-0.230107
-0.619981
-0.639767
-0.536834
-0.445657
-0.709126
-0.448954
-0.725645
-0.687879
-0.399110
-0.332117
-0.277144
-0.209284
-0.457310
-0.336718
-0.721538
-0.461176
-0.462825
-0.269417
-0.464960
-0.234739
-0.466609
-0.468258
-0.426915
-0.730463
-0.470521
-0.517911
-0.666112
-0.605787
-0.668400
-0.649347
-0.476088
-0.660812
-0.478887
-0.711969
-0.672311
-0.481508
-0.483156
-0.353681
-0.465867
-0.355582
-0.486681
-0.414186
-0.681816
-0.703244
-0.719611
-0.474710
-0.871908
-0.683507
-0.758128
-0.615557
-0.744795
-0.729714
0.456963
-0.718302
-0.498846
-0.500491
-0.409720
-0.473628
-1
-0.177743
-0.697264
-0.717849
-0.373386
-0.506215
-0.730012
-0.633038
-0.834894
-0.509409
-0.379822
-0.381453
-0.716171
-0.514319
-0.706044
-0.709284
-0.688196
-0.519717
-0.521361
-0.523004
-0.442556
-0.268943
-0.525680
-0.527323
-0.707415
-0.529294
-1
-0.639637
-0.655747
-0.683860
-0.694157
-0.636586
-1
-0.737315
-0.533715
-0.637993
-0.589845
-0.779003
-0.728177
-0.470847
-0.539239
-0.409473
-0.409473
-0.650176
-0.543873
-0.753657
-0.449569
-0.662100
-1
-0.548701
-0.480822
-0.012576
-0.815422
-0.064393
-1
-1
-0.773407
-0.318196
-0.561847
-0.507843
-0.423789
-1
-0.667799
-0.574444
-0.553618
-0.493977
-0.264490
-0.297710
-0.433404
-0.656006
-0.668605
-0.573622
-0.593832
-0.644189
-0.421139
-0.321682
-0.440236
-0.710012
-0.443482
-0.589507
-0.577139
-0.281512
-0.695881
-0.716002
-0.674199
-1
-0.725478
-1
-0.229773
-0.642866
-0.377704
-0.270030
-0.586077
-0.571609
-0.962764
-0.875214
-0.572745
-0.134400
-0.292775
-0.459969
-0.562488
-0.687341
-0.677652
-0.411021
-0.597638
-0.603262
-0.847794
-0.648737
-0.487028
-0.467325
-0.634264
-0.509582
-0.533408
-0.465545
-0.630306
-0.752853
-0.530894
-0.633198
-0.407345
-0.475922
-0.466951
-0.676755
-0.519997
-0.705740
-0.010648
-1
-1
-1
-0.614877
-0.661638
-0.296272
-1
-0.110923
-0.671537
-1
-0.658185
-0.210911
-1
-0.506167
-0.652787
-0.592908
-0.651955
-0.676028
-0.026161
0.096036
-0.398687
-0.386048
-0.621193
-0.371837
-0.929773
-0.594115
-0.300947
-1
-0.741663
-1
-0.587535
-0.609744
-1
-1
-0.359218
-0.936775
-0.480891
-1
-0.626645
-0.467653
-0.618798
-0.542647
-1.000000
-1
-0.905128
-0.774037
-0.680923
-0.629342
-0.630957
-0.557163
-0.755429
-0.730988
-0.676324
-0.519131
-0.505231
-0.761591
-0.220343
-0.578471
-0.507653
-1
-0.509253
-0.656260
-0.512454
-0.650679
-0.703093
-0.477640
-1
-0.480796
-0.442224
-1
-0.649850
-0.662278
-0.927339
-0.076796
-0.732708
-0.649942
-0.522410
-0.654200
-0.655810
-1
-1
-0.610962
-1
-1
-1
-0.662672
-1
-1
-0.211025
-1
-1
-1
-1
-0.764095
-0.856807
-0.698687
-0.637213
-0.832807
-0.512531
-0.127962
-1
-0.530709
-0.581874
-1
-1
-1
-0.600412
-0.664951
-0.627102
-0.565574
-0.651140
-0.530862
-0.794098
-0.614427
-0.608261
-0.553197
-0.785848
-0.674548
-0.739817
-0.510537
-0.404647
-0.545832
-1
-0.574631
-0.548698
-0.740894
-0.894518
-0.570054
-0.630184
-0.577252
-0.765285
-0.485224
-1
-1
-0.778268
-0.515555
-1
-0.692138
-0.831633
-0.694026
-0.695630
-0.984868
-0.814472
-0.569499
-0.745999
-0.772257
-0.699183
-1
-0.700158
-0.726193
-0.842787
-1
-0.962059
-0.744991
-1
-0.716588
-0.573856
-0.695487
-0.575445
-0.709085
-0.758003
-0.710770
-0.783704
-0.580434
-0.749199
-0.771026
-1
-0.732942
-0.716991
-0.718593
-0.720196
-0.721656
-0.589872
-0.736600
-0.862706
-0.724676
-0.307883
-0.771290
-0.776878
-0.563981
-0.732507
-0.893761
-0.807479
-0.732517
-1
-0.743655
-0.948757
-0.820346
-0.694118
-0.594321
-0.926095
-0.665873
-0.951344
-0.740573
-0.727422
-0.651962
-0.613074
-0.745373
-1
-0.757823
-0.747216
-0.597442
-0.631476
-0.618558
-0.703267
-1
-0.751980
-0.543548
-0.622133
-0.623720
-0.601773
-0.723002
-1
-0.627262
-0.579852
-0.750383
-1
-0.668788
-0.706308
-0.685209
-0.770044
-0.661508
-1
-0.760955
-0.929598
-0.753762
-0.627901
-0.753611
-0.753486
-0.770555
-0.615397
-0.736211
-0.752681
-0.566394
-0.750228
-1
-0.648916
-0.968703
-0.648964
-0.608122
-0.652980
-0.756172
-0.654355
-0.788389
-0.756095
-0.885602
-0.860593
-0.936983
-0.720049
-1
-0.662509
-0.673544
-1
-0.761734
-0.761885
-0.588200
-0.378892
-0.909122
-0.882535
-0.592158
-0.893893
-0.721784
-0.765047
-0.853776
-0.766006
-0.414804
-0.601702
-0.611828
-0.683569
-0.672751
-0.460425
-0.495905
-0.939233
-0.691363
-0.768968
-0.770165
-0.478738
-1
-0.770296
-0.935236
-0.772336
-1
-0.786450
-0.760138
-0.708005
-0.774338
-1
-0.753738
-0.935338
-0.783736
-0.787835
-0.734737
-1
-0.927500
-0.936200
-1
-0.992000
-0.801125
-0.780597
-0.815520
-0.715291
-1
-0.719305
-0.718458
-0.610096
-0.721625
-1
-0.839382
-0.948850
-1
-1
-0.785952
-1
-0.682692
-0.937493
-0.787501
-0.929678
-0.763559
-0.995893
-0.727770
-0.792791
-0.749412
-0.813159
-1
-0.903053
-0.792273
-0.684165
-0.795691
-0.588619
-0.740738
-0.839483
-0.743201
-0.958386
-0.721312
-0.963814
-0.745970
-0.747552
-0.855562
-0.799977
-0.747746
-0.798425
-0.915024
-0.799739
-0.962920
-0.785272
-0.756368
-0.855056
-0.920126
-0.900912
-1
-0.770459
-0.822801
-1
-0.886353
-0.736550
-0.774152
-0.688179
-0.763768
-0.804943
-1
-0.805939
-1
-1
-0.768513
-0.770094
-0.547971
-0.788464
-0.808819
-0.808198
-0.775353
-0.808882
-0.778516
-0.809603
-0.781679
-0.783260
-1
-0.784842
-1
-0.748927
-0.785990
-0.855630
-0.630720
-1
-0.792118
-0.595504
-0.832462
-0.792327
-0.792327
-1
-1
-0.853586
-0.838673
-0.683825
-0.872456
-0.797432
-0.799012
-0.800592
-0.800592
-0.802172
-0.803752
-1
-1
-0.766577
-0.640131
-1
-1
-0.807235
-0.670331
-0.921439
-1
-1
-1
-0.987620
-0.930230
-0.812864
-0.956463
-1
-1
-0.400055
-0.817322
-0.913850
-0.992970
-1
-1
-1
-1
-1
-0.859573
-0.822675
-1
-1
-1
-1
-1
-1
-0.822533
-0.472378
-1
-1
-0.824067
-0.919439
-0.830771
-0.798640
-0.827002
-1
-0.827732
-0.826576
-0.829271
-1
-0.915189
-0.832390
-0.833930
-1
-1
-1
-1
-1
-0.905599
-0.837050
-0.937834
-0.840170
-0.955658
-0.776894
-0.973397
-1
-0.739927
-1
-0.769028
-1
-0.845945
-1
-1
-0.847524
-1
-1
-1
-1
-1
-0.849103
-0.839042
-0.852261
-0.783136
-1
-0.855419
-1
-1
-1
-0.856997
-1
-0.857554
-1
-1
-1
-0.859133
-0.859682
